639.567000	-63.075743
639.602000	-63.075743
639.636000	-63.075743
639.670000	-44.085644
639.704000	-17.323267
639.738000	-2.679703
639.773000	5.845050
639.807000	-13.798515
639.841000	1.399505
639.875000	11.142079
639.909000	-1.085644
639.943000	-9.016337
639.978000	-2.956931
640.012000	2.449010
640.046000	9.864851
640.080000	5.142079
640.114000	1.746040
640.148000	-8.046040
640.182000	-6.372772
640.217000	-3.085644
640.251000	14.953960
640.285000	8.449010
640.319000	-8.323267
640.353000	1.132178
640.387000	3.330198
640.421000	-0.887624
640.455000	-2.808416
640.490000	-2.194554
640.524000	-1.451980
640.558000	6.983663
640.592000	0.815347
640.626000	0.726238
640.660000	6.151980
640.694000	-6.154950
640.728000	5.716337
640.762000	7.548020
640.796000	15.340099
640.830000	14.270792
640.865000	-2.966832
640.899000	0.736139
640.933000	0.478713
640.967000	-1.461881
641.001000	5.904455
641.035000	3.389604
641.069000	-0.531188
641.103000	-8.194554
641.137000	-4.006436
641.171000	-10.036139
641.205000	5.775743
641.239000	2.379703
641.273000	13.736139
641.307000	8.577723
641.341000	1.874752
641.375000	-1.273762
641.409000	-6.224257
641.443000	0.369802
641.477000	3.993564
641.511000	6.528218
641.545000	3.468812
641.579000	-1.620297
641.614000	6.874752
641.648000	7.488614
641.682000	-6.501485
641.716000	6.835149
641.750000	13.439109
641.784000	-0.135149
641.818000	-0.016337
641.852000	2.647030
641.886000	-3.996535
641.919000	19.379703
641.953000	2.419307
641.987000	-11.461881
642.021000	-0.580693
642.055000	5.023267
642.089000	2.666832
642.123000	-8.719307
642.157000	-4.947030
642.191000	-4.303465
642.225000	6.854950
642.259000	-2.214356
642.293000	8.379703
642.327000	1.241089
642.361000	-1.224257
642.395000	9.944059
642.429000	13.072772
642.463000	7.963861
642.497000	15.805446
642.531000	2.389604
642.565000	-4.808416
642.599000	7.211386
642.633000	-8.422277
642.666000	9.142079
642.700000	11.171782
642.734000	12.062871
642.768000	-5.283663
642.802000	0.409406
642.836000	6.686634
642.870000	0.231188
642.904000	5.953960
642.938000	8.072772
642.972000	0.112376
643.005000	3.458911
643.039000	13.706436
643.073000	0.181683
643.107000	6.993564
643.141000	2.231188
643.175000	3.914356
643.209000	-1.610396
643.243000	0.716337
643.276000	4.983663
643.310000	-1.917327
643.344000	-2.550990
643.378000	-0.471782
643.412000	9.439109
643.446000	3.785644
643.480000	-2.521287
643.513000	6.914356
643.547000	1.142079
643.581000	-3.214356
643.615000	8.260891
643.649000	1.508416
643.683000	3.003465
643.716000	-0.471782
643.750000	5.726238
643.784000	-8.778713
643.818000	5.221287
643.852000	-1.471782
643.886000	1.340099
643.919000	6.577723
643.953000	-1.184653
643.987000	-1.541089
644.021000	8.825248
644.055000	8.062871
644.088000	0.102475
644.122000	-6.016337
644.156000	-4.749010
644.190000	1.290594
644.224000	1.508416
644.257000	5.300495
644.291000	10.538119
644.325000	4.023267
644.359000	-2.570792
644.392000	17.181683
644.426000	12.419307
644.460000	2.627228
644.494000	2.340099
644.527000	-6.966832
644.561000	2.944059
644.595000	2.330198
644.629000	-4.293564
644.662000	-3.877723
644.696000	13.072772
644.730000	4.171782
644.764000	2.904455
644.797000	-0.095545
644.831000	0.250990
644.865000	9.122277
644.899000	2.795545
644.932000	19.439109
644.966000	1.597525
645.000000	7.765842
645.033000	12.112376
645.067000	-1.600495
645.101000	5.637129
645.135000	0.785644
645.168000	-1.174752
645.202000	-5.679703
645.236000	-0.828218
645.269000	9.617327
645.303000	-1.699505
645.337000	-11.362871
645.370000	-5.956931
645.404000	3.557921
645.438000	2.548020
645.471000	-4.065842
645.505000	7.468812
645.539000	1.577723
645.572000	-9.095545
645.606000	-4.451980
645.640000	3.201485
645.673000	3.112376
645.707000	17.845050
645.741000	1.805446
645.774000	-7.164851
645.808000	5.874752
645.842000	-4.491584
645.875000	6.557921
645.909000	-3.956931
645.943000	-4.689604
645.976000	2.151980
646.010000	8.062871
646.043000	9.617327
646.077000	10.122277
646.111000	7.280693
646.144000	9.716337
646.178000	9.706436
646.212000	-10.560891
646.245000	-3.026238
646.279000	4.874752
646.312000	6.637129
646.346000	12.092574
646.380000	0.320297
646.413000	7.439109
646.447000	4.597525
646.480000	0.696535
646.514000	9.033168
646.547000	-1.798515
646.581000	-2.085644
646.615000	-2.343069
646.648000	-5.996535
646.682000	0.211386
646.715000	0.577723
646.749000	8.320297
646.782000	-0.640099
646.816000	-2.521287
646.850000	6.379703
646.883000	-3.986634
646.917000	6.686634
646.950000	5.260891
646.984000	4.944059
647.017000	-1.115347
647.051000	4.676733
647.084000	4.241089
647.118000	-3.937129
647.151000	-0.630198
647.185000	4.478713
647.218000	-7.650000
647.252000	4.686634
647.285000	-8.174752
647.319000	-8.392574
647.353000	4.775743
647.386000	15.429208
647.420000	2.330198
647.453000	0.993564
647.487000	3.369802
647.520000	2.468812
647.553000	5.409406
647.587000	0.330198
647.620000	-1.422277
647.654000	3.508416
647.687000	4.854950
647.721000	6.845050
647.754000	4.161881
647.788000	3.290594
647.821000	-5.412376
647.855000	5.468812
647.888000	11.082673
647.922000	12.211386
647.955000	8.122277
647.989000	5.082673
648.022000	2.706436
648.055000	9.726238
648.089000	0.666832
648.122000	20.023267
648.156000	1.003465
648.189000	1.379703
648.223000	7.003465
648.256000	16.013366
648.290000	8.835149
648.323000	1.765842
648.356000	9.706436
648.390000	6.726238
648.423000	5.676733
648.457000	1.973762
648.490000	8.835149
648.523000	9.250990
648.557000	0.825248
648.590000	-1.877723
648.624000	3.399505
648.657000	4.389604
648.690000	12.795545
648.724000	8.409406
648.757000	14.231188
648.791000	8.409406
648.824000	7.755941
648.857000	16.151980
648.891000	4.637129
648.924000	5.280693
648.957000	17.904455
648.991000	-5.055941
649.024000	12.577723
649.057000	0.221287
649.091000	-1.224257
649.124000	11.983663
649.158000	9.052970
649.191000	20.043069
649.224000	4.696535
649.258000	8.300495
649.291000	6.409406
649.324000	5.468812
649.358000	3.587624
649.391000	6.864851
649.424000	4.983663
649.458000	1.250990
649.491000	3.567822
649.524000	-3.659901
649.557000	-4.095545
649.591000	-10.778713
649.624000	10.924257
649.657000	-4.739109
649.691000	1.736139
649.724000	3.449010
649.757000	1.993564
649.791000	-3.402475
649.824000	14.854950
649.857000	12.330198
649.890000	3.548020
649.924000	-10.095545
649.957000	-1.580693
649.990000	-10.224257
650.023000	0.112376
650.057000	-1.867822
650.090000	5.290594
650.123000	2.557921
650.157000	12.785644
650.190000	16.666832
650.223000	-0.897525
650.256000	-7.055941
650.290000	-0.887624
650.323000	2.389604
650.356000	9.686634
650.389000	0.746040
650.423000	-6.481683
650.456000	5.557921
650.489000	3.419307
650.522000	7.983663
650.555000	14.676733
650.589000	11.409406
650.622000	5.963861
650.655000	12.528218
650.688000	4.884653
650.721000	0.419307
650.755000	4.221287
650.788000	12.686634
650.821000	4.132178
650.854000	2.696535
650.887000	6.815347
650.921000	0.003465
650.954000	-3.006436
650.987000	2.983663
651.020000	-1.491584
651.053000	-8.749010
651.087000	-7.600495
651.120000	18.241089
651.153000	7.132178
651.186000	2.577723
651.219000	-6.996535
651.252000	7.765842
651.286000	9.023267
651.319000	-1.808416
651.352000	3.518317
651.385000	5.567822
651.418000	3.904455
651.451000	11.726238
651.484000	7.845050
651.518000	-5.135149
651.551000	18.122277
651.584000	-3.679703
651.617000	16.052970
651.650000	5.835149
651.683000	12.538119
651.716000	2.003465
651.749000	-7.244059
651.783000	0.676733
651.816000	4.241089
651.849000	9.082673
651.882000	3.607426
651.915000	-0.352970
651.948000	6.805446
651.981000	-2.372772
652.014000	-10.036139
652.047000	-7.313366
652.080000	-5.699505
652.114000	1.647030
652.147000	-2.739109
652.180000	7.815347
652.213000	25.122277
652.246000	3.656931
652.279000	-4.788614
652.312000	11.369802
652.345000	1.132178
652.378000	6.409406
652.411000	16.746040
652.444000	10.419307
652.477000	4.647030
652.510000	1.399505
652.543000	-8.135149
652.576000	4.736139
652.609000	-2.808416
652.642000	4.250990
652.675000	13.211386
652.709000	2.676733
652.742000	9.221287
652.775000	6.062871
652.808000	10.429208
652.841000	3.320297
652.874000	5.092574
652.907000	2.963861
652.940000	-0.709406
652.973000	-8.808416
653.006000	-2.976733
653.039000	0.815347
653.072000	4.706436
653.105000	0.666832
653.138000	-7.164851
653.171000	-2.204455
653.204000	1.567822
653.237000	5.924257
653.270000	-2.402475
653.303000	6.815347
653.336000	8.637129
653.368000	-1.164851
653.401000	6.003465
653.434000	-1.125248
653.467000	7.825248
653.500000	-7.877723
653.533000	-7.630198
653.566000	2.043069
653.599000	2.389604
653.632000	4.092574
653.665000	5.973762
653.698000	-8.055941
653.731000	-5.699505
653.764000	7.003465
653.797000	3.458911
653.830000	8.033168
653.863000	3.310396
653.896000	1.637129
653.929000	0.617327
653.961000	7.914356
653.994000	2.934158
654.027000	-8.006436
654.060000	5.666832
654.093000	6.429208
654.126000	6.894554
654.159000	-4.521287
654.192000	5.597525
654.225000	0.587624
654.258000	-1.828218
654.290000	4.161881
654.323000	6.429208
654.356000	0.300495
654.389000	4.221287
654.422000	2.122277
654.455000	4.013366
654.488000	5.221287
654.521000	-10.372772
654.553000	-8.590594
654.586000	10.637129
654.619000	2.231188
654.652000	0.963861
654.685000	8.330198
654.718000	9.726238
654.751000	9.637129
654.783000	-0.550990
654.816000	15.449010
654.849000	4.161881
654.882000	-4.352970
654.915000	-10.016337
654.948000	1.419307
654.980000	-2.026238
655.013000	1.944059
655.046000	-1.867822
655.079000	-4.095545
655.112000	5.310396
655.144000	-7.323267
655.177000	4.488614
655.210000	15.518317
655.243000	14.825248
655.276000	6.300495
655.308000	-1.323267
655.341000	-5.937129
655.374000	8.142079
655.407000	-0.610396
655.440000	0.567822
655.472000	9.627228
655.505000	7.062871
655.538000	2.468812
655.571000	12.488614
655.603000	3.637129
655.636000	2.429208
655.669000	9.894554
655.702000	6.963861
655.734000	-4.471782
655.767000	1.350000
655.800000	8.835149
655.833000	11.062871
655.865000	16.498515
655.898000	8.409406
655.931000	11.805446
655.964000	18.389604
655.996000	20.221287
656.029000	31.755941
656.062000	30.518317
656.095000	47.379703
656.127000	80.805446
656.160000	210.260891
656.193000	626.666832
656.225000	959.845050
656.258000	556.617327
656.291000	215.023267
656.324000	176.557921
656.356000	360.785644
656.389000	771.458911
656.422000	679.221287
656.454000	236.617327
656.487000	80.775743
656.520000	36.755941
656.552000	15.062871
656.585000	12.458911
656.618000	14.835149
656.650000	16.013366
656.683000	3.191584
656.716000	8.666832
656.748000	3.567822
656.781000	-2.036139
656.814000	-4.590594
656.846000	6.953960
656.879000	0.191584
656.912000	3.280693
656.944000	-11.105446
656.977000	-6.085644
657.010000	-0.778713
657.042000	7.973762
657.075000	11.181683
657.108000	-1.006436
657.140000	8.231188
657.173000	12.755941
657.205000	25.775743
657.238000	9.637129
657.271000	4.221287
657.303000	-6.927228
657.336000	2.350000
657.369000	2.647030
657.401000	1.676733
657.434000	1.785644
657.466000	8.003465
657.499000	1.845050
657.532000	-1.135149
657.564000	7.171782
657.597000	0.666832
657.629000	7.379703
657.662000	3.003465
657.694000	3.290594
657.727000	-10.283663
657.760000	9.884653
657.792000	-4.650000
657.825000	-4.323267
657.857000	-0.501485
657.890000	-0.402475
657.922000	11.003465
657.955000	-6.362871
657.987000	2.241089
658.020000	11.785644
658.053000	14.320297
658.085000	4.904455
658.118000	7.013366
658.150000	12.538119
658.183000	18.330198
658.215000	0.072772
658.248000	-1.848020
658.280000	-1.788614
658.313000	14.379703
658.345000	10.181683
658.378000	3.914356
658.410000	0.082673
658.443000	11.260891
658.475000	4.310396
658.508000	-1.174752
658.540000	-0.323267
658.573000	-4.689604
658.605000	3.825248
658.638000	-2.669802
658.670000	0.003465
658.703000	2.716337
658.735000	-6.620297
658.768000	3.686634
658.800000	-6.491584
658.833000	17.528218
658.865000	6.181683
658.898000	1.736139
658.930000	-4.372772
658.963000	1.557921
658.995000	-10.253960
659.028000	3.795545
659.060000	-0.204455
659.092000	-1.857921
659.125000	-1.451980
659.157000	8.241089
659.190000	-5.085644
659.222000	-1.867822
659.255000	2.102475
659.287000	2.142079
659.320000	-0.184653
659.352000	3.746040
659.384000	9.914356
659.417000	-1.491584
659.449000	5.379703
659.482000	6.191584
659.514000	-6.798515
659.546000	-2.818317
659.579000	-6.531188
659.611000	3.181683
659.644000	-1.828218
659.676000	-6.719307
659.708000	-8.402475
659.741000	-6.531188
659.773000	6.716337
659.806000	1.864851
659.838000	1.934158
659.870000	0.250990
659.903000	-6.432178
659.935000	7.043069
659.967000	6.399505
660.000000	4.676733
660.032000	-14.937129
660.065000	10.755941
660.097000	3.191584
660.129000	2.835149
660.162000	-9.481683
660.194000	6.884653
660.226000	5.845050
660.259000	8.775743
660.291000	-1.184653
660.323000	-1.560891
660.356000	1.577723
660.388000	-5.135149
660.420000	-2.016337
660.453000	7.151980
660.485000	8.993564
660.517000	12.201485
660.550000	13.617327
660.582000	2.765842
660.614000	8.439109
660.647000	-1.046040
660.679000	-11.214356
660.711000	5.587624
660.743000	-8.907426
660.776000	-7.679703
660.808000	-2.560891
660.840000	-4.838119
660.873000	1.508416
660.905000	-0.570792
660.937000	0.429208
660.969000	0.597525
661.002000	1.211386
661.034000	12.082673
661.066000	1.924257
661.099000	6.845050
661.131000	13.300495
661.163000	4.052970
661.195000	1.864851
661.228000	14.359901
661.260000	-1.739109
661.292000	-2.125248
661.324000	3.637129
661.357000	7.350000
661.389000	6.597525
661.421000	6.686634
661.453000	0.874752
661.485000	5.270792
661.518000	4.528218
661.550000	-11.273762
661.582000	-11.115347
661.614000	-1.154950
661.647000	6.102475
661.679000	2.320297
661.711000	4.379703
661.743000	-5.580693
661.775000	2.656931
661.808000	17.330198
661.840000	-6.976733
661.872000	3.785644
661.904000	0.112376
661.936000	0.627228
661.969000	-7.244059
662.001000	-4.145050
662.033000	2.043069
662.065000	-5.343069
662.097000	10.260891
662.129000	8.983663
662.162000	-5.115347
662.194000	3.755941
662.226000	2.577723
662.258000	6.835149
662.290000	2.241089
662.322000	-8.897525
662.355000	-10.501485
662.387000	15.637129
662.419000	7.379703
662.451000	10.518317
662.483000	9.211386
662.515000	0.290594
662.547000	-2.867822
662.580000	-5.560891
662.612000	-4.907426
662.644000	-10.679703
662.676000	0.231188
662.708000	14.914356
662.740000	-0.640099
662.772000	2.369802
662.804000	6.409406
662.836000	8.874752
662.869000	-1.541089
662.901000	9.597525
662.933000	0.241089
662.965000	15.805446
662.997000	9.003465
663.029000	-7.471782
663.061000	-1.956931
663.093000	0.458911
663.125000	7.221287
663.157000	7.231188
663.189000	3.637129
663.221000	10.082673
663.254000	1.023267
663.286000	7.122277
663.318000	-3.461881
663.350000	-5.392574
663.382000	-0.006436
663.414000	5.597525
663.446000	4.142079
663.478000	-5.026238
663.510000	20.775743
663.542000	-4.244059
663.574000	0.132178
663.606000	4.043069
663.638000	-7.303465
663.670000	-4.135149
663.702000	-2.214356
663.734000	0.181683
663.766000	5.399505
663.798000	-4.758911
663.830000	2.607426
663.862000	9.142079
663.894000	9.250990
663.926000	-1.224257
663.958000	10.062871
663.990000	1.102475
664.022000	-4.026238
664.054000	6.934158
664.086000	-7.154950
664.118000	-8.808416
664.150000	-8.630198
664.182000	1.983663
664.214000	-0.016337
664.246000	10.775743
664.278000	4.310396
664.310000	12.795545
664.342000	4.548020
664.374000	-0.016337
664.406000	-0.521287
664.438000	-0.758911
664.470000	12.587624
664.502000	-0.877723
664.534000	-1.848020
664.566000	-7.917327
664.598000	7.805446
664.630000	-3.194554
664.662000	3.587624
664.693000	-0.956931
664.725000	-5.046040
664.757000	-0.877723
664.789000	-9.135149
664.821000	4.013366
664.853000	10.914356
664.885000	2.716337
664.917000	-2.055941
664.949000	12.805446
664.981000	15.409406
665.013000	3.320297
665.045000	-6.798515
665.076000	0.350000
665.108000	2.934158
665.140000	-1.709406
665.172000	2.270792
665.204000	-3.669802
665.236000	-2.471782
665.268000	12.092574
665.300000	-0.630198
665.331000	-5.778713
665.363000	4.934158
665.395000	-5.382673
665.427000	-4.253960
665.459000	5.746040
665.491000	-0.224257
665.523000	3.270792
665.555000	-0.471782
665.586000	2.884653
665.618000	-1.739109
665.650000	-9.709406
665.682000	8.508416
665.714000	6.488614
665.746000	-2.818317
665.777000	2.250990
665.809000	-1.095545
665.841000	4.904455
665.873000	-2.838119
665.905000	3.151980
665.937000	13.211386
665.968000	5.221287
666.000000	1.280693
666.032000	4.488614
666.064000	-3.273762
666.096000	-1.164851
666.127000	8.300495
666.159000	11.458911
666.191000	9.736139
666.223000	3.983663
666.255000	5.052970
666.286000	4.280693
666.318000	-0.204455
666.350000	14.944059
666.382000	7.112376
666.413000	-4.125248
666.445000	-10.709406
666.477000	-10.857921
666.509000	-3.046040
666.540000	1.854950
666.572000	-2.055941
666.604000	0.250990
666.636000	1.647030
666.667000	14.260891
666.699000	15.072772
666.731000	4.795545
666.763000	-4.709406
666.794000	1.904455
666.826000	3.884653
666.858000	-8.521287
666.890000	9.191584
666.921000	3.548020
666.953000	1.617327
666.985000	9.795545
667.017000	17.231188
667.048000	6.102475
667.080000	0.775743
667.112000	-3.451980
667.143000	-8.392574
667.175000	4.993564
667.207000	3.033168
667.238000	6.627228
667.270000	3.557921
667.302000	3.696535
667.334000	-2.145050
667.365000	15.191584
667.397000	3.280693
667.429000	-3.986634
667.460000	11.112376
667.492000	6.716337
667.524000	0.538119
667.555000	-4.650000
667.587000	1.577723
667.619000	-2.135149
667.650000	-4.867822
667.682000	5.736139
667.714000	7.161881
667.745000	4.587624
667.777000	3.359901
667.808000	8.379703
667.840000	9.260891
667.872000	3.260891
667.903000	20.746040
667.935000	-0.778713
667.967000	0.914356
667.998000	3.785644
668.030000	-0.778713
668.061000	5.894554
668.093000	1.845050
668.125000	6.052970
668.156000	5.013366
668.188000	-2.293564
668.220000	-4.927228
668.251000	6.488614
668.283000	6.835149
668.314000	11.013366
668.346000	-4.679703
668.377000	1.983663
668.409000	-3.135149
668.441000	9.508416
668.472000	5.686634
668.504000	8.151980
668.535000	9.132178
668.567000	11.775743
668.599000	4.379703
668.630000	-1.105446
668.662000	-1.194554
668.693000	14.429208
668.725000	4.330198
668.756000	7.082673
668.788000	0.924257
668.819000	2.290594
668.851000	4.755941
668.882000	3.350000
668.914000	-0.362871
668.946000	0.746040
668.977000	-3.778713
669.009000	-1.412376
669.040000	-9.729208
669.072000	3.755941
669.103000	4.389604
669.135000	1.518317
669.166000	3.003465
669.198000	4.132178
669.229000	7.924257
669.261000	1.498515
669.292000	-1.065842
669.324000	4.449010
669.355000	8.260891
669.387000	-4.956931
669.418000	6.765842
669.450000	-4.739109
669.481000	5.043069
669.513000	8.062871
669.544000	6.983663
669.576000	1.498515
669.607000	14.567822
669.639000	12.340099
669.670000	-5.650000
669.701000	8.429208
669.733000	-7.065842
669.764000	1.221287
669.796000	-1.560891
669.827000	-5.877723
669.859000	-3.788614
669.890000	8.181683
669.922000	9.637129
669.953000	9.409406
669.985000	5.330198
670.016000	9.617327
670.047000	4.102475
670.079000	-0.036139
670.110000	6.805446
670.142000	3.013366
670.173000	2.666832
670.204000	-0.194554
670.236000	4.062871
670.267000	-4.451980
670.299000	2.330198
670.330000	2.062871
670.362000	8.033168
670.393000	-7.768812
670.424000	6.854950
670.456000	-10.679703
670.487000	-1.194554
670.518000	1.221287
670.550000	4.854950
670.581000	1.993564
670.613000	5.488614
670.644000	-3.343069
670.675000	-7.620297
670.707000	-2.263861
670.738000	3.983663
670.769000	-0.679703
670.801000	-7.194554
670.832000	6.666832
670.864000	-5.818317
670.895000	5.894554
670.926000	1.706436
670.958000	0.874752
670.989000	0.716337
671.020000	-3.729208
671.052000	1.181683
671.083000	1.934158
671.114000	-2.531188
671.146000	7.171782
671.177000	4.181683
671.208000	-3.620297
671.240000	-7.709406
671.271000	-1.333168
671.302000	7.439109
671.333000	-3.105446
671.365000	-5.471782
671.396000	-2.491584
671.427000	6.597525
671.459000	6.874752
671.490000	4.191584
671.521000	5.686634
671.553000	4.755941
671.584000	9.449010
671.615000	-4.105446
671.646000	6.231188
671.678000	3.755941
671.709000	-7.313366
671.740000	-14.085644
671.771000	-4.471782
671.803000	-3.570792
671.834000	3.359901
671.865000	-0.461881
671.896000	8.181683
671.928000	1.934158
671.959000	-4.214356
671.990000	-4.699505
672.021000	-1.323267
672.053000	-4.521287
672.084000	11.043069
672.115000	4.934158
672.146000	-2.055941
672.178000	-10.729208
672.209000	-4.828218
672.240000	0.647030
672.271000	23.280693
672.303000	5.647030
672.334000	0.914356
672.365000	-2.877723
672.396000	3.874752
672.427000	4.795545
672.459000	10.181683
672.490000	22.775743
672.521000	8.528218
672.552000	10.260891
672.583000	7.538119
672.615000	2.825248
672.646000	11.043069
672.677000	-2.560891
672.708000	-0.857921
672.739000	0.973762
672.770000	10.973762
672.802000	5.369802
672.833000	-0.352970
672.864000	0.706436
672.895000	-2.471782
672.926000	-0.778713
672.957000	-6.610396
672.989000	0.369802
673.020000	5.458911
673.051000	-2.323267
673.082000	11.607426
673.113000	1.874752
673.144000	5.072772
673.175000	4.924257
673.206000	-3.590594
673.238000	-3.293564
673.269000	1.706436
673.300000	-5.323267
673.331000	7.825248
673.362000	2.795545
673.393000	5.270792
673.424000	10.458911
673.455000	17.716337
673.487000	6.043069
673.518000	11.320297
673.549000	3.894554
673.580000	1.874752
673.611000	4.746040
673.642000	1.439109
673.673000	-13.580693
673.704000	1.914356
673.735000	1.785644
673.766000	-1.471782
673.797000	-2.026238
673.828000	1.805446
673.860000	-5.234158
673.891000	-8.343069
673.922000	-6.412376
673.953000	-4.580693
673.984000	4.350000
674.015000	8.399505
674.046000	2.181683
674.077000	2.953960
674.108000	-4.956931
674.139000	-1.293564
674.170000	0.161881
674.201000	-4.451980
674.232000	-3.283663
674.263000	-3.867822
674.294000	-3.788614
674.325000	-8.343069
674.356000	5.686634
674.387000	12.815347
674.418000	7.607426
674.449000	-3.521287
674.480000	-5.194554
674.511000	2.736139
674.542000	7.528218
674.573000	-6.095545
674.604000	11.548020
674.635000	1.538119
674.666000	8.765842
674.697000	3.983663
674.728000	2.122277
674.759000	2.102475
674.790000	-7.580693
674.821000	-5.046040
674.852000	0.468812
674.883000	-6.016337
674.914000	0.676733
674.945000	1.072772
674.976000	3.052970
675.007000	-3.234158
675.038000	-6.125248
675.069000	-9.659901
675.100000	-4.095545
675.131000	1.963861
675.162000	-8.323267
675.193000	-5.006436
675.224000	-2.422277
675.254000	5.765842
675.285000	6.884653
675.316000	12.320297
675.347000	3.439109
675.378000	-4.897525
675.409000	-6.491584
675.440000	7.944059
675.471000	2.696535
675.502000	-5.273762
675.533000	0.716337
675.564000	2.449010
675.595000	0.765842
675.625000	19.488614
675.656000	10.528218
675.687000	5.944059
675.718000	-9.511386
675.749000	7.835149
675.780000	6.013366
675.811000	-1.491584
675.842000	4.795545
675.873000	0.518317
675.903000	-3.125248
675.934000	2.785644
675.965000	-3.105446
675.996000	-6.095545
676.027000	4.835149
676.058000	-0.620297
676.089000	-9.788614
676.119000	1.736139
676.150000	-1.046040
676.181000	0.716337
676.212000	-0.798515
676.243000	9.815347
676.274000	-1.402475
676.304000	13.934158
676.335000	-6.818317
676.366000	2.350000
676.397000	0.003465
676.428000	2.963861
676.459000	5.854950
676.489000	9.963861
676.520000	7.953960
676.551000	2.726238
676.582000	-3.808416
676.613000	4.300495
676.643000	-4.788614
676.674000	9.340099
676.705000	2.033168
676.736000	4.894554
676.767000	16.132178
676.797000	10.557921
676.828000	6.033168
676.859000	1.815347
676.890000	-2.026238
676.920000	4.023267
676.951000	5.825248
676.982000	5.924257
677.013000	0.795545
677.044000	14.359901
677.074000	3.181683
677.105000	-7.283663
677.136000	8.211386
677.167000	2.211386
677.197000	10.518317
677.228000	1.785644
677.259000	-3.828218
677.289000	1.379703
677.320000	-8.897525
677.351000	-4.343069
677.382000	-2.620297
677.412000	-5.244059
677.443000	7.062871
677.474000	2.241089
677.505000	-7.432178
677.535000	1.280693
677.566000	-3.204455
677.597000	-9.679703
677.627000	-6.461881
677.658000	-2.214356
677.689000	0.340099
677.720000	1.557921
677.750000	-1.214356
677.781000	2.241089
677.812000	3.359901
677.842000	8.557921
677.873000	5.260891
677.904000	2.953960
677.934000	1.429208
677.965000	-2.788614
677.996000	-10.501485
678.026000	-0.036139
678.057000	4.557921
678.088000	-7.897525
678.118000	-0.372772
678.149000	-6.788614
678.180000	-1.630198
678.210000	2.181683
678.241000	2.637129
678.272000	0.043069
678.302000	3.498515
678.333000	5.617327
678.363000	9.379703
678.394000	4.201485
678.425000	1.379703
678.455000	2.934158
678.486000	11.706436
678.517000	-0.887624
678.547000	1.181683
678.578000	1.548020
678.608000	-9.798515
678.639000	4.736139
678.670000	4.518317
678.700000	-4.729208
678.731000	-2.541089
678.761000	1.350000
678.792000	4.874752
678.823000	6.874752
678.853000	3.924257
678.884000	-6.719307
678.914000	6.577723
678.945000	4.359901
678.975000	-4.501485
679.006000	5.716337
679.037000	-2.927228
679.067000	19.072772
679.098000	2.340099
679.128000	-6.016337
679.159000	-2.451980
679.189000	9.795545
679.220000	-7.263861
679.250000	5.538119
679.281000	0.369802
679.312000	-0.956931
679.342000	4.439109
679.373000	25.350000
679.403000	5.350000
679.434000	7.825248
679.464000	0.003465
679.495000	2.290594
679.525000	4.706436
679.556000	-0.283663
679.586000	9.736139
679.617000	8.211386
679.647000	4.548020
679.678000	4.765842
679.708000	0.736139
679.739000	0.577723
679.769000	0.320297
679.800000	-0.283663
679.830000	3.755941
679.861000	10.161881
679.891000	-2.422277
679.922000	-10.541089
679.952000	1.142079
679.983000	6.498515
680.013000	4.548020
680.044000	-2.867822
680.074000	10.429208
680.105000	10.399505
680.135000	4.666832
680.165000	9.904455
680.196000	7.864851
680.226000	4.221287
680.257000	9.528218
680.287000	2.112376
680.318000	2.092574
680.348000	-6.857921
680.379000	9.607426
680.409000	6.518317
680.439000	-1.917327
680.470000	-0.214356
680.500000	-0.897525
680.531000	0.765842
680.561000	9.983663
680.592000	6.676733
680.622000	16.181683
680.652000	2.557921
680.683000	12.439109
680.713000	-0.600495
680.744000	-2.174752
680.774000	-5.442079
680.804000	17.161881
680.835000	-1.580693
680.865000	-5.541089
680.896000	14.577723
680.926000	14.755941
680.956000	3.201485
680.987000	3.835149
681.017000	-1.313366
681.047000	4.755941
681.078000	-6.590594
681.108000	1.409406
681.139000	1.706436
681.169000	0.785644
681.199000	-0.125248
681.230000	7.310396
681.260000	1.449010
681.290000	5.201485
681.321000	-7.996535
681.351000	2.112376
681.381000	-9.006436
681.412000	4.617327
681.442000	4.666832
681.472000	13.924257
681.503000	7.676733
681.533000	3.795545
681.563000	-0.828218
681.594000	0.181683
681.624000	7.132178
681.654000	-2.996535
681.685000	-0.333168
681.715000	4.310396
681.745000	2.389604
681.775000	-1.857921
681.806000	3.557921
681.836000	2.805446
681.866000	-5.610396
681.897000	2.825248
681.927000	-2.491584
681.957000	-12.531188
681.987000	3.944059
682.018000	0.557921
682.048000	5.439109
682.078000	5.884653
682.109000	17.647030
682.139000	9.825248
682.169000	5.419307
682.199000	1.181683
682.230000	-3.947030
682.260000	6.478713
682.290000	-3.293564
682.320000	0.340099
682.351000	-0.224257
682.381000	1.993564
682.411000	-0.739109
682.441000	-3.729208
682.472000	-4.570792
682.502000	-0.650000
682.532000	-2.659901
682.562000	2.468812
682.592000	7.508416
682.623000	9.953960
682.653000	3.142079
682.683000	-3.501485
682.713000	6.439109
682.743000	1.755941
682.774000	-1.679703
682.804000	4.557921
682.834000	14.726238
682.864000	-2.897525
682.894000	-1.085644
682.925000	-1.501485
682.955000	0.993564
682.985000	-2.867822
683.015000	4.112376
683.045000	11.676733
683.076000	-7.333168
683.106000	-0.659901
683.136000	-1.788614
683.166000	-4.352970
683.196000	-2.541089
683.226000	-1.323267
683.257000	-2.956931
683.287000	-2.511386
683.317000	-6.036139
683.347000	-4.986634
683.377000	-2.848020
683.407000	5.607426
683.437000	7.142079
683.468000	12.983663
683.498000	-2.887624
683.528000	1.716337
683.558000	3.221287
683.588000	-1.699505
683.618000	-5.224257
683.648000	-3.650000
683.678000	5.250990
683.708000	9.191584
683.739000	1.151980
683.769000	1.864851
683.799000	2.112376
683.829000	1.449010
683.859000	5.686634
683.889000	11.518317
683.919000	0.419307
683.949000	3.686634
683.979000	-3.511386
684.009000	1.132178
684.039000	4.062871
684.070000	-5.719307
684.100000	13.775743
684.130000	5.082673
684.160000	4.845050
684.190000	-2.451980
684.220000	-0.333168
684.250000	4.399505
684.280000	-4.303465
684.310000	14.419307
684.340000	10.924257
684.370000	4.864851
684.400000	-3.986634
684.430000	5.280693
684.460000	4.508416
684.490000	7.785644
684.520000	10.122277
684.550000	12.795545
684.580000	2.716337
684.610000	5.993564
684.640000	10.241089
684.670000	11.122277
684.700000	2.775743
684.730000	8.528218
684.760000	1.052970
684.790000	15.676733
684.820000	3.637129
684.850000	-5.135149
684.880000	8.696535
684.910000	4.656931
684.940000	2.043069
684.970000	-5.125248
685.000000	-0.392574
685.030000	-4.679703
685.060000	-2.422277
685.090000	2.934158
685.120000	18.003465
685.150000	-4.966832
685.180000	7.647030
685.210000	6.151980
685.240000	12.894554
685.270000	13.498515
685.300000	1.963861
685.330000	8.231188
685.360000	1.122277
685.390000	2.013366
685.420000	-3.491584
685.450000	1.765842
685.480000	3.112376
685.510000	-0.303465
685.540000	12.854950
685.569000	10.161881
685.599000	9.052970
685.629000	7.676733
685.659000	4.330198
685.689000	2.340099
685.719000	3.171782
685.749000	-1.293564
685.779000	7.508416
685.809000	8.785644
685.839000	6.013366
685.869000	5.528218
685.898000	10.597525
685.928000	3.449010
685.958000	0.538119
685.988000	12.151980
686.018000	1.904455
686.048000	5.577723
686.078000	13.359901
686.108000	17.122277
686.137000	7.290594
686.167000	13.746040
686.197000	-7.937129
686.227000	1.884653
686.257000	24.904455
686.287000	15.854950
686.317000	4.686634
686.346000	-1.026238
686.376000	-5.075743
686.406000	-3.214356
686.436000	8.914356
686.466000	-1.055941
686.496000	7.350000
686.525000	6.320297
686.555000	0.023267
686.585000	15.013366
686.615000	25.171782
686.645000	10.498515
686.675000	3.112376
686.704000	8.132178
686.734000	8.468812
686.764000	-1.481683
686.794000	4.033168
686.824000	-1.412376
686.853000	11.647030
686.883000	12.548020
686.913000	12.389604
686.943000	3.765842
686.973000	-1.036139
687.002000	4.429208
687.032000	8.151980
687.062000	-0.451980
687.092000	15.221287
687.121000	-0.174752
687.151000	3.676733
687.181000	1.508416
687.211000	11.538119
687.240000	2.429208
687.270000	1.775743
687.300000	-0.016337
687.330000	2.577723
687.359000	-11.461881
687.389000	5.290594
687.419000	3.439109
687.449000	3.864851
687.478000	7.686634
687.508000	3.944059
687.538000	9.171782
687.568000	8.379703
687.597000	-4.095545
687.627000	6.211386
687.657000	5.161881
687.686000	9.122277
687.716000	21.003465
687.746000	-3.343069
687.776000	-3.333168
687.805000	7.874752
687.835000	2.983663
687.865000	17.052970
687.894000	10.062871
687.924000	-0.145050
687.954000	1.211386
687.983000	3.161881
688.013000	10.201485
688.043000	9.676733
688.072000	3.201485
688.102000	9.845050
688.132000	2.052970
688.161000	1.310396
688.191000	0.340099
688.221000	18.607426
688.250000	-2.749010
688.280000	7.449010
688.310000	0.914356
688.339000	2.944059
688.369000	-5.174752
688.399000	-4.016337
688.428000	-2.184653
688.458000	4.637129
688.488000	-1.145050
688.517000	8.033168
688.547000	0.488614
688.576000	30.052970
688.606000	13.656931
688.636000	-4.917327
688.665000	7.250990
688.695000	9.231188
688.725000	13.647030
688.754000	10.508416
688.784000	5.439109
688.813000	13.894554
688.843000	5.468812
688.873000	0.508416
688.902000	-1.778713
688.932000	-0.729208
688.961000	3.795545
688.991000	13.884653
689.020000	13.765842
689.050000	-1.580693
689.080000	11.508416
689.109000	13.528218
689.139000	2.726238
689.168000	5.904455
689.198000	3.379703
689.227000	-0.164851
689.257000	6.914356
689.287000	12.458911
689.316000	2.369802
689.346000	-6.976733
689.375000	-5.362871
689.405000	7.528218
689.434000	0.884653
689.464000	7.142079
689.493000	1.439109
689.523000	-2.996535
689.552000	-3.135149
689.582000	2.884653
689.611000	0.498515
689.641000	7.666832
689.670000	3.498515
689.700000	7.419307
689.730000	13.983663
689.759000	7.676733
689.789000	15.785644
689.818000	3.290594
689.848000	2.528218
689.877000	17.944059
689.906000	0.072772
689.936000	-2.026238
689.965000	8.656931
689.995000	9.062871
690.024000	9.647030
690.054000	2.498515
690.083000	5.963861
690.113000	4.102475
690.142000	2.023267
690.172000	2.953960
690.201000	5.696535
690.231000	1.884653
690.260000	9.666832
690.290000	5.706436
690.319000	12.092574
690.348000	4.102475
690.378000	7.775743
690.407000	8.973762
690.437000	2.775743
690.466000	2.260891
690.496000	0.320297
690.525000	8.478713
690.555000	-1.679703
690.584000	2.983663
690.613000	2.043069
690.643000	8.825248
690.672000	10.637129
690.702000	9.726238
690.731000	3.706436
690.760000	5.765842
690.790000	-2.194554
690.819000	-2.273762
690.849000	3.815347
690.878000	2.250990
690.907000	3.924257
690.937000	13.221287
690.966000	12.389604
690.996000	4.062871
691.025000	1.686634
691.054000	3.845050
691.084000	4.706436
691.113000	5.132178
691.142000	8.825248
691.172000	8.815347
691.201000	14.023267
691.230000	3.765842
691.260000	12.944059
691.289000	8.072772
691.319000	1.082673
691.348000	4.409406
691.377000	15.637129
691.407000	6.399505
691.436000	9.884653
691.465000	6.379703
691.495000	2.924257
691.524000	-3.442079
691.553000	-1.887624
691.583000	-1.709406
691.612000	16.181683
691.641000	5.637129
691.670000	1.686634
691.700000	6.617327
691.729000	-7.372772
691.758000	4.052970
691.788000	2.765842
691.817000	-0.095545
691.846000	-1.085644
691.876000	3.429208
691.905000	6.548020
691.934000	0.607426
691.963000	14.993564
691.993000	7.122277
692.022000	-2.164851
692.051000	-6.966832
692.081000	10.835149
692.110000	17.894554
692.139000	8.052970
692.168000	7.567822
692.198000	16.161881
692.227000	10.894554
692.256000	6.587624
692.285000	3.894554
692.315000	3.597525
692.344000	6.904455
692.373000	6.161881
692.402000	-11.164851
692.432000	-5.026238
692.461000	1.340099
692.490000	2.498515
692.519000	1.627228
692.548000	11.112376
692.578000	12.815347
692.607000	-1.610396
692.636000	-2.273762
692.665000	11.924257
692.694000	2.825248
692.724000	3.983663
692.753000	9.330198
692.782000	13.528218
692.811000	-2.313366
692.840000	2.092574
692.870000	5.805446
692.899000	3.201485
692.928000	2.439109
692.957000	7.795545
692.986000	10.409406
693.016000	7.320297
693.045000	9.468812
693.074000	8.102475
693.103000	2.656931
693.132000	5.449010
693.161000	11.518317
693.191000	-0.580693
693.220000	-6.550990
693.249000	3.280693
693.278000	1.993564
693.307000	13.548020
693.336000	-6.451980
693.365000	-8.917327
693.395000	0.419307
693.424000	4.953960
693.453000	16.518317
693.482000	3.825248
693.511000	11.726238
693.540000	11.241089
693.569000	11.508416
693.598000	7.449010
693.628000	15.478713
693.657000	14.924257
693.686000	20.845050
693.715000	15.023267
693.744000	13.092574
693.773000	17.458911
693.802000	8.597525
693.831000	-0.669802
693.860000	17.845050
693.889000	0.122277
693.919000	7.765842
693.948000	4.805446
693.977000	7.389604
694.006000	1.142079
694.035000	0.419307
694.064000	-1.758911
694.093000	4.320297
694.122000	3.696535
694.151000	2.716337
694.180000	9.359901
694.209000	23.973762
694.238000	8.538119
694.267000	20.716337
694.296000	11.944059
694.325000	9.023267
694.354000	14.647030
694.383000	9.835149
694.412000	0.795545
694.441000	-0.768812
694.471000	-3.075743
694.500000	-7.382673
694.529000	6.617327
694.558000	20.191584
694.587000	14.151980
694.616000	3.607426
694.645000	5.181683
694.674000	13.587624
694.703000	11.567822
694.732000	3.023267
694.761000	13.528218
694.790000	13.647030
694.819000	-6.293564
694.848000	4.468812
694.877000	18.963861
694.906000	23.488614
694.935000	7.874752
694.963000	18.795545
694.992000	4.894554
695.021000	8.211386
695.050000	10.409406
695.079000	7.340099
695.108000	3.270792
695.137000	21.389604
695.166000	10.449010
695.195000	-3.075743
695.224000	11.904455
695.253000	6.755941
695.282000	7.736139
695.311000	10.142079
695.340000	5.498515
695.369000	10.726238
695.398000	9.478713
695.427000	19.488614
695.456000	6.815347
695.485000	8.350000
695.513000	5.805446
695.542000	4.805446
695.571000	4.369802
695.600000	18.013366
695.629000	10.310396
695.658000	13.330198
695.687000	7.161881
695.716000	5.439109
695.745000	22.557921
695.774000	-1.907426
695.802000	-0.362871
695.831000	9.151980
695.860000	12.280693
695.889000	12.904455
695.918000	7.231188
695.947000	0.587624
695.976000	3.924257
696.005000	6.775743
696.033000	9.191584
696.062000	14.845050
696.091000	4.498515
696.120000	5.825248
696.149000	15.765842
696.178000	5.597525
696.207000	7.934158
696.235000	-6.362871
696.264000	8.815347
696.293000	6.765842
696.322000	8.755941
696.351000	13.389604
696.380000	2.003465
696.408000	5.676733
696.437000	3.171782
696.466000	8.379703
696.495000	16.043069
696.524000	13.904455
696.553000	9.409406
696.581000	11.389604
696.610000	1.340099
696.639000	0.062871
696.668000	7.419307
696.697000	2.290594
696.725000	10.597525
696.754000	6.548020
696.783000	0.607426
696.812000	0.023267
696.840000	8.864851
696.869000	9.221287
696.898000	2.746040
696.927000	5.399505
696.956000	18.270792
696.984000	0.647030
697.013000	5.181683
697.042000	4.231188
697.071000	9.300495
697.099000	16.716337
697.128000	11.963861
697.157000	10.072772
697.186000	3.052970
697.214000	2.815347
697.243000	2.617327
697.272000	6.597525
697.301000	13.944059
697.329000	11.637129
697.358000	11.211386
697.387000	22.963861
697.415000	12.399505
697.444000	6.854950
697.473000	4.498515
697.502000	-1.234158
697.530000	8.746040
697.559000	4.785644
697.588000	8.102475
697.616000	2.736139
697.645000	1.092574
697.674000	15.320297
697.703000	4.191584
697.731000	13.161881
697.760000	9.963861
697.789000	5.280693
697.817000	7.567822
697.846000	19.567822
697.875000	8.003465
697.903000	21.340099
697.932000	11.944059
697.961000	6.538119
697.989000	11.231188
698.018000	10.260891
698.047000	7.508416
698.075000	13.052970
698.104000	1.518317
698.133000	2.854950
698.161000	-1.135149
698.190000	4.181683
698.218000	2.845050
698.247000	8.369802
698.276000	1.637129
698.304000	11.151980
698.333000	7.350000
698.362000	8.409406
698.390000	7.854950
698.419000	9.755941
698.447000	0.785644
698.476000	2.003465
698.505000	12.449010
698.533000	8.528218
698.562000	9.548020
698.591000	-1.303465
698.619000	-4.026238
698.648000	6.567822
698.676000	7.557921
698.705000	0.112376
698.733000	-5.640099
698.762000	7.003465
698.791000	5.647030
698.819000	5.161881
698.848000	2.983663
698.876000	14.072772
698.905000	9.607426
698.933000	9.944059
698.962000	5.350000
698.991000	7.072772
699.019000	17.597525
699.048000	6.231188
699.076000	9.369802
699.105000	-3.580693
699.133000	0.290594
699.162000	9.983663
699.190000	19.597525
699.219000	11.320297
699.248000	3.963861
699.276000	2.845050
699.305000	-1.541089
699.333000	8.924257
699.362000	2.221287
699.390000	11.538119
699.419000	-0.897525
699.447000	8.458911
699.476000	10.934158
699.504000	2.647030
699.533000	6.983663
699.561000	-3.234158
699.590000	5.647030
699.618000	3.409406
699.647000	5.706436
699.675000	5.637129
699.704000	11.775743
699.732000	3.864851
699.761000	10.429208
699.789000	3.449010
699.818000	10.983663
699.846000	3.458911
699.874000	0.211386
699.903000	2.320297
699.931000	2.557921
699.960000	10.082673
699.988000	4.538119
700.017000	2.181683
700.045000	3.746040
700.074000	0.409406
700.102000	1.696535
700.130000	-1.986634
700.159000	6.389604
700.187000	7.557921
700.216000	-1.224257
700.244000	-5.234158
700.273000	-3.184653
700.301000	2.003465
700.329000	8.597525
700.358000	11.815347
700.386000	1.785644
700.415000	5.033168
700.443000	4.132178
700.472000	3.082673
700.500000	6.310396
700.528000	10.142079
700.557000	8.132178
700.585000	0.429208
700.614000	2.102475
700.642000	15.171782
700.670000	19.250990
700.699000	14.082673
700.727000	4.864851
700.755000	5.805446
700.784000	4.983663
700.812000	1.656931
700.841000	10.607426
700.869000	2.320297
700.897000	-9.432178
700.926000	-0.788614
700.954000	8.548020
700.982000	9.963861
701.011000	4.043069
701.039000	10.260891
701.067000	5.458911
701.096000	10.280693
701.124000	-4.253960
701.152000	4.211386
701.181000	2.082673
701.209000	-5.947030
701.237000	3.340099
701.266000	-2.461881
701.294000	-3.323267
701.322000	6.627228
701.351000	10.953960
701.379000	3.736139
701.407000	-2.085644
701.435000	5.755941
701.464000	14.666832
701.492000	19.845050
701.520000	1.241089
701.549000	3.082673
701.577000	-5.679703
701.605000	-2.273762
701.634000	2.904455
701.662000	13.181683
701.690000	-5.046040
701.718000	-4.917327
701.747000	9.617327
701.775000	3.449010
701.803000	-1.689604
701.831000	10.835149
701.860000	-1.135149
701.888000	6.706436
701.916000	2.894554
701.944000	2.696535
701.973000	-0.828218
702.001000	-7.620297
702.029000	-3.699505
702.057000	-3.580693
702.086000	-6.857921
702.114000	-7.283663
702.142000	2.419307
702.170000	-2.976733
702.199000	4.260891
702.227000	3.250990
702.255000	4.627228
702.283000	-0.679703
702.311000	9.904455
702.340000	3.884653
702.368000	-2.501485
702.396000	3.656931
702.424000	1.508416
702.452000	0.270792
702.481000	2.468812
702.509000	0.033168
702.537000	9.468812
702.565000	7.181683
702.593000	-10.333168
702.621000	3.548020
702.650000	9.577723
702.678000	7.587624
702.706000	11.052970
702.734000	-1.511386
702.762000	7.132178
702.790000	5.231188
702.819000	6.043069
702.847000	5.894554
702.875000	12.508416
702.903000	14.211386
702.931000	0.340099
702.959000	5.538119
702.988000	7.369802
703.016000	-4.838119
703.044000	1.161881
703.072000	1.221287
703.100000	-2.996535
703.128000	1.320297
703.156000	6.132178
703.184000	0.854950
703.212000	11.567822
703.241000	6.498515
703.269000	4.538119
703.297000	3.201485
703.325000	4.498515
703.353000	-4.075743
703.381000	-4.451980
703.409000	3.637129
703.437000	-4.263861
703.465000	0.597525
703.493000	-4.303465
703.522000	6.241089
703.550000	9.122277
703.578000	6.795545
703.606000	-3.867822
703.634000	0.201485
703.662000	-2.550990
703.690000	1.151980
703.718000	7.072772
703.746000	18.023267
703.774000	3.488614
703.802000	15.221287
703.830000	1.369802
703.858000	3.726238
703.886000	-3.630198
703.914000	-4.125248
703.942000	11.567822
703.970000	0.478713
703.998000	-0.758911
704.027000	16.736139
704.055000	11.587624
704.083000	3.409406
704.111000	-2.026238
704.139000	4.201485
704.167000	-0.650000
704.195000	5.171782
704.223000	-1.620297
704.251000	-0.739109
704.279000	8.528218
704.307000	4.746040
704.335000	-7.907426
704.363000	4.359901
704.391000	-1.669802
704.419000	-2.244059
704.447000	-2.343069
704.475000	2.369802
704.503000	-4.055941
704.531000	12.122277
704.558000	6.983663
704.586000	6.142079
704.614000	1.013366
704.642000	4.468812
704.670000	-6.996535
704.698000	0.310396
704.726000	5.914356
704.754000	1.221287
704.782000	0.231188
704.810000	0.607426
704.838000	19.924257
704.866000	9.795545
704.894000	-8.372772
704.922000	-1.739109
704.950000	8.419307
704.978000	10.419307
705.006000	5.290594
705.034000	16.112376
705.061000	-2.481683
705.089000	1.112376
705.117000	-5.669802
705.145000	0.043069
705.173000	2.330198
705.201000	3.656931
705.229000	11.013366
705.257000	3.260891
705.285000	9.052970
705.313000	6.914356
705.340000	1.320297
705.368000	-2.194554
705.396000	6.647030
705.424000	5.557921
705.452000	-1.907426
705.480000	3.696535
705.508000	-1.352970
705.536000	1.389604
705.563000	-2.313366
705.591000	6.874752
705.619000	4.686634
705.647000	-4.085644
705.675000	3.884653
705.703000	7.449010
705.731000	1.201485
705.758000	8.716337
705.786000	5.993564
705.814000	18.468812
705.842000	6.805446
705.870000	12.369802
705.898000	13.458911
705.925000	-2.659901
705.953000	6.835149
705.981000	-3.956931
706.009000	1.359901
706.037000	7.161881
706.065000	1.043069
706.092000	-5.501485
706.120000	3.498515
706.148000	-2.986634
706.176000	-0.491584
706.204000	9.637129
706.231000	3.607426
706.259000	-5.194554
706.287000	-0.709406
706.315000	7.122277
706.342000	0.736139
706.370000	13.300495
706.398000	6.369802
706.426000	0.944059
706.454000	2.161881
706.481000	10.458911
706.509000	4.488614
706.537000	-1.659901
706.565000	-3.788614
706.592000	10.171782
706.620000	4.043069
706.648000	10.231188
706.676000	-5.689604
706.703000	4.815347
706.731000	-1.085644
706.759000	-2.065842
706.787000	4.013366
706.814000	3.191584
706.842000	0.181683
706.870000	0.280693
706.897000	3.023267
706.925000	0.072772
706.953000	10.300495
706.981000	16.043069
707.008000	10.508416
707.036000	4.765842
707.064000	0.528218
707.091000	-9.224257
707.119000	11.874752
707.147000	4.201485
707.174000	-1.947030
707.202000	12.221287
707.230000	-3.392574
707.258000	8.567822
707.285000	-7.343069
707.313000	-0.739109
707.341000	-5.996535
707.368000	-2.808416
707.396000	4.528218
707.424000	17.023267
707.451000	6.033168
707.479000	5.082673
707.507000	1.458911
707.534000	-2.234158
707.562000	3.429208
707.590000	-3.798515
707.617000	-5.026238
707.645000	1.716337
707.672000	1.676733
707.700000	2.043069
707.728000	11.498515
707.755000	6.597525
707.783000	1.785644
707.811000	6.369802
707.838000	-0.659901
707.866000	4.518317
707.893000	1.716337
707.921000	-0.709406
707.949000	-2.283663
707.976000	4.419307
708.004000	4.854950
708.031000	-1.570792
708.059000	-3.630198
708.087000	3.458911
708.114000	-1.253960
708.142000	-2.135149
708.169000	-2.036139
708.197000	-6.313366
708.225000	-0.164851
708.252000	-4.541089
708.280000	7.439109
708.307000	-2.392574
708.335000	0.350000
708.362000	-1.046040
708.390000	-7.848020
708.418000	0.359901
708.445000	-4.471782
708.473000	-5.115347
708.500000	-5.194554
708.528000	8.052970
708.555000	0.805446
708.583000	1.775743
708.610000	-1.145050
708.638000	6.062871
708.665000	-4.966832
708.693000	0.973762
708.720000	-3.046040
708.748000	-5.392574
708.776000	-0.253960
708.803000	14.062871
708.831000	10.468812
708.858000	12.518317
708.886000	5.062871
708.913000	5.409406
708.941000	-0.075743
708.968000	11.320297
708.996000	-0.026238
709.023000	24.953960
709.051000	0.250990
709.078000	-3.818317
709.105000	4.320297
709.133000	1.647030
709.160000	2.944059
709.188000	11.290594
709.215000	7.429208
709.243000	4.221287
709.270000	-5.947030
709.298000	-1.976733
709.325000	-5.244059
709.353000	-0.828218
709.380000	3.300495
709.408000	9.132178
709.435000	4.686634
709.462000	0.934158
709.490000	5.092574
709.517000	-2.075743
709.545000	-1.164851
709.572000	0.102475
709.600000	1.835149
709.627000	5.181683
709.655000	-1.273762
709.682000	-1.194554
709.709000	2.508416
709.737000	2.874752
709.764000	-3.650000
709.792000	11.023267
709.819000	3.617327
709.846000	-0.352970
709.874000	7.062871
709.901000	12.350000
709.929000	18.310396
709.956000	9.795545
709.983000	-3.402475
710.011000	-1.382673
710.038000	-1.471782
710.066000	8.914356
710.093000	13.191584
710.120000	5.716337
710.148000	-0.679703
710.175000	-5.422277
710.202000	-5.976733
710.230000	5.924257
710.257000	3.122277
710.284000	7.310396
710.312000	3.379703
710.339000	-0.244059
710.366000	1.815347
710.394000	-2.600495
710.421000	3.300495
710.448000	2.785644
710.476000	-10.224257
710.503000	3.934158
710.530000	12.567822
710.558000	15.399505
710.585000	11.359901
710.612000	0.132178
710.640000	0.785644
710.667000	0.171782
710.694000	-3.184653
710.722000	3.993564
710.749000	3.181683
710.776000	4.577723
710.804000	18.300495
710.831000	4.122277
710.858000	3.637129
710.885000	1.221287
710.913000	0.300495
710.940000	17.458911
710.967000	4.270792
710.995000	4.775743
711.022000	2.161881
711.049000	6.577723
711.076000	-4.174752
711.104000	0.726238
711.131000	-9.214356
711.158000	2.290594
711.185000	10.518317
711.213000	-6.154950
711.240000	-5.016337
711.267000	-1.422277
711.294000	1.864851
711.322000	11.904455
711.349000	0.003465
711.376000	-0.521287
711.403000	5.132178
711.431000	-2.323267
711.458000	0.072772
711.485000	-1.907426
711.512000	4.508416
711.540000	1.260891
711.567000	3.973762
711.594000	-2.115347
711.621000	0.033168
711.648000	4.765842
711.676000	4.102475
711.703000	4.548020
711.730000	-9.016337
711.757000	3.963861
711.784000	2.320297
711.812000	2.350000
711.839000	1.350000
711.866000	-3.125248
711.893000	-5.768812
711.920000	7.765842
711.947000	6.250990
711.975000	10.676733
712.002000	-0.174752
712.029000	11.666832
712.056000	5.538119
712.083000	9.003465
712.110000	-10.194554
712.138000	5.379703
712.165000	5.369802
712.192000	1.637129
712.219000	-3.600495
712.246000	-4.749010
712.273000	-3.055941
712.300000	-5.362871
712.328000	2.528218
712.355000	4.171782
712.382000	-3.976733
712.409000	12.805446
712.436000	-4.838119
712.463000	9.587624
712.490000	11.449010
712.517000	7.627228
712.544000	0.330198
712.572000	3.845050
712.599000	-3.877723
712.626000	6.884653
712.653000	-1.699505
712.680000	-4.838119
712.707000	7.785644
712.734000	7.548020
712.761000	1.112376
712.788000	4.607426
712.815000	4.498515
712.842000	11.587624
712.870000	1.359901
712.897000	-3.293564
712.924000	-4.293564
712.951000	6.755941
712.978000	15.488614
713.005000	15.904455
713.032000	12.429208
713.059000	0.894554
713.086000	0.468812
713.113000	-5.293564
713.140000	-7.432178
713.167000	4.686634
713.194000	10.904455
713.221000	4.765842
713.248000	12.726238
713.275000	2.241089
713.302000	-2.392574
713.329000	6.983663
713.356000	8.399505
713.383000	6.805446
713.410000	8.706436
713.437000	-5.828218
713.464000	2.726238
713.491000	11.013366
713.518000	4.775743
713.545000	0.280693
713.572000	1.924257
713.599000	15.617327
713.626000	2.488614
713.653000	8.924257
713.680000	-3.006436
713.707000	3.567822
713.734000	7.736139
713.761000	1.409406
713.788000	0.429208
713.815000	9.894554
713.842000	2.350000
713.869000	1.458911
713.896000	4.399505
713.923000	3.577723
713.950000	1.211386
713.977000	-2.065842
714.004000	-0.362871
714.031000	-3.501485
714.058000	-1.372772
714.085000	0.340099
714.112000	12.300495
714.139000	2.439109
714.165000	-0.204455
714.192000	-2.996535
714.219000	6.201485
714.246000	5.389604
714.273000	2.716337
714.300000	1.498515
714.327000	5.260891
714.354000	10.379703
714.381000	0.449010
714.408000	1.419307
714.435000	-0.848020
714.461000	1.102475
714.488000	9.379703
714.515000	-0.947030
714.542000	-4.392574
714.569000	-4.620297
714.596000	-8.570792
714.623000	-1.372772
714.650000	-4.065842
714.677000	4.092574
714.703000	3.399505
714.730000	6.280693
714.757000	4.647030
714.784000	5.577723
714.811000	-4.570792
714.838000	4.330198
714.865000	-2.590594
714.891000	10.171782
714.918000	3.112376
714.945000	-5.729208
714.972000	-0.343069
714.999000	11.963861
715.026000	-2.392574
715.052000	12.706436
715.079000	1.122277
715.106000	4.171782
715.133000	4.518317
715.160000	-3.065842
715.187000	6.379703
715.213000	10.409406
715.240000	-3.343069
715.267000	-0.412376
715.294000	0.538119
715.321000	-1.451980
715.347000	0.894554
715.374000	-5.055941
715.401000	-0.857921
715.428000	1.439109
715.455000	4.072772
715.481000	-5.768812
715.508000	10.112376
715.535000	2.785644
715.562000	21.548020
715.588000	9.538119
715.615000	3.330198
715.642000	3.944059
715.669000	11.409406
715.695000	-3.303465
715.722000	-1.283663
715.749000	7.637129
715.776000	14.538119
715.802000	4.864851
715.829000	7.250990
715.856000	-4.075743
715.883000	12.765842
715.909000	-2.115347
715.936000	2.587624
715.963000	3.934158
715.990000	-6.511386
716.016000	2.953960
716.043000	2.825248
716.070000	-3.145050
716.096000	-5.461881
716.123000	1.963861
716.150000	4.488614
716.177000	7.439109
716.203000	11.280693
716.230000	9.835149
716.257000	6.300495
716.283000	13.132178
716.310000	5.270792
716.337000	4.409406
716.363000	-1.244059
716.390000	3.082673
716.417000	11.647030
716.443000	3.419307
716.470000	11.191584
716.497000	12.686634
716.523000	12.617327
716.550000	7.092574
716.577000	13.686634
716.603000	1.686634
716.630000	6.231188
716.657000	13.498515
716.683000	-0.857921
716.710000	0.250990
716.737000	1.409406
716.763000	7.122277
716.790000	6.310396
716.817000	12.498515
716.843000	5.755941
716.870000	-2.174752
716.897000	2.597525
716.923000	15.082673
716.950000	-0.164851
716.976000	-3.471782
717.003000	-0.650000
717.030000	6.953960
717.056000	7.755941
717.083000	1.696535
717.109000	6.726238
717.136000	8.716337
717.163000	-1.669802
717.189000	4.845050
717.216000	0.112376
717.242000	-0.115347
717.269000	2.409406
717.296000	8.528218
717.322000	10.884653
717.349000	12.320297
717.375000	9.726238
717.402000	1.874752
717.428000	3.983663
717.455000	9.409406
717.481000	4.676733
717.508000	9.419307
717.535000	7.449010
717.561000	2.350000
717.588000	-1.016337
717.614000	0.676733
717.641000	1.963861
717.667000	3.953960
717.694000	5.429208
717.720000	2.320297
717.747000	4.161881
717.773000	-3.174752
717.800000	8.953960
717.826000	6.201485
717.853000	3.429208
717.880000	10.775743
717.906000	7.211386
717.933000	8.548020
717.959000	7.280693
717.986000	7.052970
718.012000	1.835149
718.039000	13.538119
718.065000	13.557921
718.092000	8.607426
718.118000	-3.313366
718.144000	-2.541089
718.171000	14.548020
718.197000	17.003465
718.224000	3.746040
718.250000	5.409406
718.277000	6.617327
718.303000	5.389604
718.330000	2.746040
718.356000	-4.590594
718.383000	-9.244059
718.409000	2.132178
718.436000	2.310396
718.462000	0.934158
718.489000	0.270792
718.515000	15.736139
718.541000	15.854950
718.568000	10.072772
718.594000	7.409406
718.621000	7.755941
718.647000	3.983663
718.674000	11.488614
718.700000	10.963861
718.726000	1.052970
718.753000	5.280693
718.779000	10.033168
718.806000	0.132178
718.832000	1.241089
718.858000	2.439109
718.885000	-1.065842
718.911000	3.557921
718.938000	10.310396
718.964000	-4.947030
718.990000	6.647030
719.017000	4.785644
719.043000	7.538119
719.070000	14.755941
719.096000	-4.145050
719.122000	7.835149
719.149000	4.577723
719.175000	6.953960
719.201000	6.013366
719.228000	2.429208
719.254000	4.647030
719.281000	-1.016337
719.307000	1.934158
719.333000	1.884653
719.360000	12.775743
719.386000	4.043069
719.412000	7.983663
719.439000	-4.491584
719.465000	1.577723
719.491000	-4.105446
719.518000	8.112376
719.544000	6.458911
719.570000	11.369802
719.597000	6.874752
719.623000	0.409406
719.649000	8.944059
719.675000	4.488614
719.702000	7.518317
719.728000	14.864851
719.754000	-2.580693
719.781000	0.676733
719.807000	1.310396
719.833000	0.023267
719.860000	2.686634
719.886000	1.548020
719.912000	6.864851
719.938000	-1.976733
719.965000	4.052970
719.991000	11.280693
720.017000	4.854950
720.044000	-3.016337
720.070000	5.973762
720.096000	9.874752
720.122000	5.290594
720.149000	11.062871
720.175000	20.874752
720.201000	7.290594
720.227000	1.231188
720.254000	4.953960
720.280000	2.914356
720.306000	-2.749010
720.332000	4.587624
720.359000	4.924257
720.385000	8.914356
720.411000	6.538119
720.437000	8.656931
720.463000	1.944059
720.490000	9.845050
720.516000	-0.511386
720.542000	-6.095545
720.568000	3.765842
720.595000	10.934158
720.621000	4.181683
720.647000	6.449010
720.673000	9.993564
720.699000	4.003465
720.725000	7.815347
720.752000	8.666832
720.778000	10.597525
720.804000	10.052970
720.830000	11.696535
720.856000	-0.501485
720.883000	-4.650000
720.909000	2.914356
720.935000	8.637129
720.961000	14.597525
720.987000	5.706436
721.013000	8.300495
721.040000	-0.461881
721.066000	-1.313366
721.092000	0.250990
721.118000	9.953960
721.144000	4.884653
721.170000	2.419307
721.196000	2.607426
721.223000	-2.719307
721.249000	-0.194554
721.275000	18.429208
721.301000	4.538119
721.327000	11.241089
721.353000	9.538119
721.379000	3.785644
721.405000	8.617327
721.432000	13.340099
721.458000	0.716337
721.484000	9.280693
721.510000	-8.422277
721.536000	5.211386
721.562000	4.656931
721.588000	3.785644
721.614000	-1.432178
721.640000	-0.392574
721.666000	1.122277
721.693000	-2.263861
721.719000	-1.382673
721.745000	-4.362871
721.771000	-2.966832
721.797000	3.379703
721.823000	6.845050
721.849000	16.062871
721.875000	10.696535
721.901000	10.211386
721.927000	1.993564
721.953000	4.567822
721.979000	16.151980
722.005000	10.577723
722.031000	-0.352970
722.057000	7.686634
722.083000	6.825248
722.109000	8.637129
722.135000	11.716337
722.161000	10.548020
722.187000	0.508416
722.214000	-2.451980
722.240000	0.973762
722.266000	-4.244059
722.292000	8.637129
722.318000	12.221287
722.344000	7.409406
722.370000	9.330198
722.396000	10.082673
722.422000	2.963861
722.448000	3.577723
722.474000	-6.016337
722.500000	11.033168
722.526000	5.369802
722.552000	2.815347
722.578000	2.449010
722.603000	10.676733
722.629000	-1.600495
722.655000	4.577723
722.681000	-2.303465
722.707000	1.736139
722.733000	-1.283663
722.759000	-5.055941
722.785000	2.330198
722.811000	3.310396
722.837000	5.132178
722.863000	9.973762
722.889000	12.300495
722.915000	1.647030
722.941000	0.072772
722.967000	2.280693
722.993000	10.013366
723.019000	5.270792
723.045000	8.033168
723.071000	7.092574
723.097000	5.548020
723.122000	4.755941
723.148000	-1.521287
723.174000	2.439109
723.200000	8.904455
723.226000	3.944059
723.252000	5.983663
723.278000	-1.095545
723.304000	-1.372772
723.330000	4.577723
723.356000	-4.253960
723.381000	-6.105446
723.407000	-7.313366
723.433000	9.864851
723.459000	-1.303465
723.485000	2.003465
723.511000	9.617327
723.537000	0.231188
723.563000	3.597525
723.588000	5.607426
723.614000	11.142079
723.640000	3.260891
723.666000	2.498515
723.692000	11.003465
723.718000	4.300495
723.744000	3.666832
723.769000	0.439109
723.795000	-0.768812
723.821000	7.439109
723.847000	1.805446
723.873000	6.647030
723.899000	7.577723
723.924000	1.528218
723.950000	2.587624
723.976000	-6.838119
724.002000	5.755941
724.028000	8.102475
724.053000	0.142079
724.079000	0.379703
724.105000	5.647030
724.131000	4.805446
724.157000	6.399505
724.182000	9.260891
724.208000	3.102475
724.234000	5.181683
724.260000	1.171782
724.286000	10.399505
724.311000	2.023267
724.337000	-4.303465
724.363000	-3.778713
724.389000	5.864851
724.415000	0.557921
724.440000	17.894554
724.466000	3.587624
724.492000	1.577723
724.518000	7.092574
724.543000	2.340099
724.569000	7.845050
724.595000	7.647030
724.621000	-0.333168
724.646000	-1.758911
724.672000	-2.125248
724.698000	0.072772
724.723000	-0.016337
724.749000	3.973762
724.775000	11.458911
724.801000	8.795545
724.826000	-2.640099
724.852000	-0.560891
724.878000	-2.620297
724.904000	-10.194554
724.929000	4.112376
724.955000	-6.293564
724.981000	3.231188
725.006000	3.429208
725.032000	3.696535
725.058000	11.250990
725.083000	-0.630198
725.109000	-0.442079
725.135000	2.736139
725.161000	7.092574
725.186000	3.003465
725.212000	0.607426
725.238000	7.726238
725.263000	2.389604
725.289000	-7.303465
725.315000	-7.768812
725.340000	1.548020
725.366000	10.052970
725.392000	2.944059
725.417000	6.825248
725.443000	7.151980
725.468000	11.221287
725.494000	10.250990
725.520000	10.191584
725.545000	0.597525
725.571000	-3.650000
725.597000	-1.382673
725.622000	3.548020
725.648000	1.835149
725.674000	12.211386
725.699000	6.171782
725.725000	3.221287
725.750000	23.548020
725.776000	-1.273762
725.802000	4.746040
725.827000	7.617327
725.853000	2.112376
725.878000	5.706436
725.904000	1.726238
725.930000	2.765842
725.955000	-5.749010
725.981000	-4.283663
726.006000	0.330198
726.032000	10.746040
726.057000	-2.164851
726.083000	-1.244059
726.109000	4.350000
726.134000	5.528218
726.160000	4.379703
726.185000	0.775743
726.211000	-2.590594
726.236000	9.221287
726.262000	8.122277
726.288000	9.151980
726.313000	15.062871
726.339000	12.320297
726.364000	6.993564
726.390000	14.280693
726.415000	2.716337
726.441000	0.151980
726.466000	-2.739109
726.492000	2.854950
726.517000	8.161881
726.543000	3.132178
726.568000	-4.234158
726.594000	1.250990
726.619000	8.201485
726.645000	7.953960
726.670000	5.211386
726.696000	8.795545
726.721000	1.052970
726.747000	-5.620297
726.772000	4.379703
726.798000	3.627228
726.823000	9.567822
726.849000	2.290594
726.874000	8.161881
726.900000	20.686634
726.925000	10.508416
726.951000	2.013366
726.976000	10.350000
727.002000	0.122277
727.027000	6.934158
727.053000	14.637129
727.078000	3.330198
727.104000	7.280693
727.129000	-6.372772
727.155000	0.201485
727.180000	9.825248
727.205000	5.260891
727.231000	0.142079
727.256000	4.241089
727.282000	3.676733
727.307000	11.122277
727.333000	2.359901
727.358000	-3.669802
727.383000	-6.798515
727.409000	-6.848020
727.434000	9.142079
727.460000	0.904455
727.485000	0.785644
727.511000	6.320297
727.536000	-9.808416
727.561000	-3.273762
727.587000	-0.828218
727.612000	-0.145050
727.637000	1.755941
727.663000	-0.838119
727.688000	20.191584
727.714000	0.567822
727.739000	-1.055941
727.764000	-0.145050
727.790000	5.449010
727.815000	6.716337
727.841000	10.617327
727.866000	8.132178
727.891000	7.350000
727.917000	-5.055941
727.942000	-5.907426
727.967000	-2.451980
727.993000	-10.650000
728.018000	1.300495
728.043000	4.577723
728.069000	11.221287
728.094000	13.132178
728.119000	2.379703
728.145000	14.854950
728.170000	5.716337
728.195000	5.726238
728.221000	11.320297
728.246000	0.250990
728.271000	-7.986634
728.297000	3.429208
728.322000	4.528218
728.347000	6.260891
728.373000	7.379703
728.398000	10.003465
728.423000	-0.669802
728.448000	3.924257
728.474000	5.686634
728.499000	9.151980
728.524000	-3.798515
728.550000	-5.402475
728.575000	-0.253960
728.600000	3.082673
728.625000	-0.659901
728.651000	6.151980
728.676000	2.033168
728.701000	-0.046040
728.727000	2.914356
728.752000	-4.699505
728.777000	-0.937129
728.802000	5.755941
728.828000	7.409406
728.853000	4.656931
728.878000	0.627228
728.903000	-2.877723
728.929000	-3.560891
728.954000	0.468812
728.979000	12.795545
729.004000	3.062871
729.030000	-1.333168
729.055000	11.211386
729.080000	-4.788614
729.105000	-2.689604
729.130000	13.260891
729.156000	8.597525
729.181000	2.686634
729.206000	-10.511386
729.231000	-3.739109
729.256000	8.201485
729.282000	5.785644
729.307000	-6.739109
729.332000	-3.976733
729.357000	-2.333168
729.382000	2.102475
729.408000	3.112376
729.433000	4.359901
729.458000	6.835149
729.483000	9.696535
729.508000	16.934158
729.533000	7.092574
729.559000	6.151980
729.584000	-5.234158
729.609000	8.072772
729.634000	12.132178
729.659000	0.102475
729.684000	-2.659901
729.710000	20.231188
729.735000	6.003465
729.760000	2.409406
729.785000	1.241089
729.810000	10.607426
729.835000	-0.699505
729.860000	-2.788614
729.886000	10.221287
729.911000	5.379703
729.936000	-2.739109
729.961000	6.181683
729.986000	-8.481683
730.011000	2.528218
730.036000	2.746040
730.061000	5.003465
730.086000	6.637129
730.112000	4.825248
730.137000	16.429208
730.162000	6.577723
730.187000	-6.768812
730.212000	7.706436
730.237000	-0.897525
730.262000	0.488614
730.287000	0.161881
730.312000	15.350000
730.337000	-0.857921
730.362000	14.419307
730.387000	4.468812
730.413000	-4.986634
730.438000	-2.709406
730.463000	2.201485
730.488000	-3.600495
730.513000	2.359901
730.538000	0.171782
730.563000	14.785644
730.588000	9.854950
730.613000	11.627228
730.638000	1.864851
730.663000	-0.145050
730.688000	16.894554
730.713000	6.736139
730.738000	4.260891
730.763000	3.062871
730.788000	-6.570792
730.813000	7.765842
730.838000	1.300495
730.863000	3.528218
730.888000	-0.947030
730.913000	-8.026238
730.938000	-11.392574
730.963000	0.845050
730.988000	5.686634
731.013000	17.132178
731.038000	1.013366
731.063000	0.528218
731.088000	10.132178
731.113000	1.736139
731.138000	2.300495
731.163000	1.755941
731.188000	-1.857921
731.213000	8.419307
731.238000	13.161881
731.263000	2.389604
731.288000	0.102475
731.313000	6.864851
731.338000	6.132178
731.363000	5.458911
731.388000	6.498515
731.413000	3.983663
731.438000	14.439109
731.463000	9.062871
731.487000	9.270792
731.512000	-1.729208
731.537000	-2.075743
731.562000	0.429208
731.587000	5.072772
731.612000	-2.263861
731.637000	-2.214356
731.662000	3.250990
731.687000	1.211386
731.712000	-8.640099
731.737000	6.557921
731.762000	4.280693
731.786000	9.052970
731.811000	8.112376
731.836000	5.043069
731.861000	2.845050
731.886000	0.350000
731.911000	9.478713
731.936000	14.627228
731.961000	1.686634
731.986000	-1.392574
732.010000	5.359901
732.035000	5.805446
732.060000	14.270792
732.085000	2.676733
732.110000	3.973762
732.135000	-5.758911
732.160000	3.379703
732.184000	3.310396
732.209000	3.062871
732.234000	9.637129
732.259000	1.280693
732.284000	14.755941
732.309000	-1.174752
732.334000	-0.947030
732.358000	-9.907426
732.383000	-9.105446
732.408000	-1.046040
732.433000	4.181683
732.458000	1.369802
732.482000	5.250990
732.507000	-0.075743
732.532000	2.003465
732.557000	12.122277
732.582000	7.290594
732.607000	0.518317
732.631000	-10.194554
732.656000	-3.224257
732.681000	1.389604
732.706000	3.399505
732.730000	3.112376
732.755000	-0.877723
732.780000	1.835149
732.805000	6.706436
732.830000	0.449010
732.854000	4.538119
732.879000	14.052970
732.904000	2.765842
732.929000	1.429208
732.953000	8.122277
732.978000	4.241089
733.003000	-3.798515
733.028000	-2.075743
733.052000	10.072772
733.077000	6.755941
733.102000	11.864851
733.127000	0.746040
733.151000	-0.006436
733.176000	6.231188
733.201000	-0.798515
733.226000	-2.550990
733.250000	4.151980
733.275000	3.607426
733.300000	5.052970
733.324000	14.181683
733.349000	8.013366
733.374000	14.092574
733.399000	2.102475
733.423000	2.726238
733.448000	1.716337
733.473000	0.082673
733.497000	1.686634
733.522000	-1.263861
733.547000	14.449010
733.571000	18.637129
733.596000	6.231188
733.621000	6.854950
733.646000	1.607426
733.670000	6.003465
733.695000	-2.481683
733.720000	6.944059
733.744000	9.409406
733.769000	6.310396
733.794000	14.142079
733.818000	4.369802
733.843000	-1.442079
733.867000	-6.531188
733.892000	-0.343069
733.917000	0.726238
733.941000	2.736139
733.966000	-4.006436
733.991000	-0.273762
734.015000	16.736139
734.040000	7.122277
734.065000	12.231188
734.089000	15.963861
734.114000	0.666832
734.138000	8.439109
734.163000	0.508416
734.188000	10.043069
734.212000	17.706436
734.237000	14.627228
734.261000	7.676733
734.286000	1.359901
734.311000	0.409406
734.335000	3.241089
734.360000	0.548020
734.384000	7.122277
734.409000	7.290594
734.434000	-3.273762
734.458000	6.221287
734.483000	4.399505
734.507000	-0.739109
734.532000	3.518317
734.556000	6.924257
734.581000	1.538119
734.606000	2.508416
734.630000	-3.253960
734.655000	6.686634
734.679000	5.874752
734.704000	2.587624
734.728000	0.854950
734.753000	-0.402475
734.777000	6.062871
734.802000	2.686634
734.826000	6.785644
734.851000	5.003465
734.876000	12.181683
734.900000	10.874752
734.925000	9.973762
734.949000	8.656931
734.974000	3.983663
734.998000	8.449010
735.023000	-4.174752
735.047000	-7.669802
735.072000	18.656931
735.096000	7.142079
735.121000	8.320297
735.145000	6.835149
735.170000	6.181683
735.194000	12.944059
735.219000	5.399505
735.243000	7.538119
735.268000	9.379703
735.292000	9.151980
735.317000	4.468812
735.341000	5.300495
735.365000	-8.699505
735.390000	10.280693
735.414000	9.567822
735.439000	5.102475
735.463000	4.924257
735.488000	8.587624
735.512000	5.429208
735.537000	6.647030
735.561000	3.567822
735.586000	3.151980
735.610000	7.151980
735.634000	-0.432178
735.659000	8.498515
735.683000	19.399505
735.708000	0.934158
735.732000	-1.224257
735.757000	0.161881
735.781000	8.458911
735.805000	9.231188
735.830000	-1.838119
735.854000	5.191584
735.879000	7.617327
735.903000	15.250990
735.927000	10.102475
735.952000	10.082673
735.976000	3.320297
736.001000	3.736139
736.025000	3.102475
736.049000	4.280693
736.074000	3.478713
736.098000	2.676733
736.123000	8.102475
736.147000	2.508416
736.171000	4.112376
736.196000	8.864851
736.220000	-3.422277
736.244000	4.151980
736.269000	3.666832
736.293000	2.379703
736.317000	4.637129
736.342000	6.894554
736.366000	14.449010
736.390000	12.736139
736.415000	4.894554
736.439000	4.112376
736.463000	10.854950
736.488000	8.845050
736.512000	6.528218
736.536000	7.112376
736.561000	20.122277
736.585000	1.993564
736.609000	8.864851
736.634000	-2.679703
736.658000	2.250990
736.682000	-5.214356
736.707000	-5.966832
736.731000	-4.461881
736.755000	1.973762
736.780000	16.785644
736.804000	15.290594
736.828000	9.716337
736.852000	1.260891
736.877000	3.439109
736.901000	7.488614
736.925000	4.359901
736.949000	7.775743
736.974000	-0.659901
736.998000	-5.204455
737.022000	5.221287
737.047000	-1.719307
737.071000	-0.303465
737.095000	13.557921
737.119000	22.805446
737.144000	12.300495
737.168000	1.607426
737.192000	0.488614
737.216000	9.686634
737.241000	0.072772
737.265000	6.429208
737.289000	3.379703
737.313000	1.765842
737.337000	9.567822
737.362000	6.310396
737.386000	1.706436
737.410000	-2.224257
737.434000	7.746040
737.459000	5.171782
737.483000	13.151980
737.507000	13.854950
737.531000	14.280693
737.555000	8.854950
737.580000	11.874752
737.604000	7.439109
737.628000	-5.343069
737.652000	-1.432178
737.676000	0.567822
737.701000	6.785644
737.725000	4.785644
737.749000	9.864851
737.773000	3.429208
737.797000	-1.026238
737.821000	5.785644
737.846000	4.439109
737.870000	23.726238
737.894000	3.062871
737.918000	1.845050
737.942000	0.478713
737.966000	12.151980
737.990000	10.973762
738.015000	7.142079
738.039000	6.241089
738.063000	-0.590594
738.087000	12.211386
738.111000	3.221287
738.135000	13.973762
738.159000	1.082673
738.184000	3.072772
738.208000	6.884653
738.232000	6.835149
738.256000	17.171782
738.280000	11.201485
738.304000	13.597525
738.328000	-0.382673
738.352000	8.043069
738.376000	1.557921
738.400000	7.755941
738.425000	9.577723
738.449000	-1.996535
738.473000	13.696535
738.497000	5.567822
738.521000	6.359901
738.545000	7.755941
738.569000	9.637129
738.593000	15.379703
738.617000	8.458911
738.641000	3.221287
738.665000	4.221287
738.689000	8.716337
738.713000	2.231188
738.737000	8.330198
738.762000	15.666832
738.786000	7.023267
738.810000	-8.451980
738.834000	9.845050
738.858000	-0.442079
738.882000	6.171782
738.906000	-3.283663
738.930000	5.765842
738.954000	6.330198
738.978000	8.092574
739.002000	1.488614
739.026000	13.468812
739.050000	9.330198
739.074000	0.785644
739.098000	25.171782
739.122000	16.043069
739.146000	8.399505
739.170000	14.696535
739.194000	12.468812
739.218000	-1.719307
739.242000	1.280693
739.266000	0.656931
739.290000	10.488614
739.314000	9.399505
739.338000	5.874752
739.362000	6.023267
739.386000	7.884653
739.410000	-1.838119
739.434000	-2.709406
739.458000	15.805446
739.482000	9.320297
739.506000	10.854950
739.530000	2.508416
739.554000	13.280693
739.577000	4.478713
739.601000	13.151980
739.625000	-1.679703
739.649000	4.577723
739.673000	-0.451980
739.697000	11.854950
739.721000	1.973762
739.745000	10.845050
739.769000	13.458911
739.793000	11.102475
739.817000	15.003465
739.841000	-1.758911
739.865000	3.904455
739.889000	-4.917327
739.912000	10.478713
739.936000	-0.511386
739.960000	2.934158
739.984000	13.052970
740.008000	4.468812
740.032000	-1.996535
740.056000	3.072772
740.080000	5.132178
740.104000	-1.075743
740.127000	8.250990
740.151000	10.518317
740.175000	13.656931
740.199000	11.488614
740.223000	45.439109
740.247000	12.082673
740.271000	9.290594
740.295000	2.864851
740.318000	-5.224257
740.342000	2.973762
740.366000	11.528218
740.390000	12.369802
740.414000	3.706436
740.438000	0.033168
740.461000	16.359901
740.485000	9.112376
740.509000	-1.798515
740.533000	8.805446
740.557000	-0.154950
740.581000	0.488614
740.604000	-7.471782
740.628000	-0.164851
740.652000	9.399505
740.676000	2.656931
740.700000	10.221287
740.723000	-0.016337
740.747000	-2.253960
740.771000	0.894554
740.795000	-3.323267
740.819000	9.706436
740.842000	5.805446
740.866000	11.498515
740.890000	8.151980
740.914000	1.439109
740.938000	-4.521287
740.961000	12.755941
740.985000	6.835149
741.009000	0.874752
741.033000	11.112376
741.056000	8.557921
741.080000	3.300495
741.104000	2.052970
741.128000	4.062871
741.151000	12.082673
741.175000	5.944059
741.199000	5.825248
741.223000	10.468812
741.246000	-3.026238
741.270000	7.637129
741.294000	8.171782
741.318000	-1.085644
741.341000	0.617327
741.365000	4.369802
741.389000	5.953960
741.413000	11.924257
741.436000	13.894554
741.460000	9.399505
741.484000	14.656931
741.507000	3.617327
741.531000	22.241089
741.555000	13.854950
741.579000	7.815347
741.602000	6.449010
741.626000	12.320297
741.650000	3.023267
741.673000	5.270792
741.697000	10.340099
741.721000	7.062871
741.744000	-7.550990
741.768000	-0.125248
741.792000	4.617327
741.815000	0.350000
741.839000	14.399505
741.863000	17.795545
741.886000	14.973762
741.910000	13.102475
741.934000	5.676733
741.957000	-7.283663
741.981000	11.736139
742.005000	4.488614
742.028000	-4.788614
742.052000	-2.036139
742.075000	9.211386
742.099000	13.647030
742.123000	3.023267
742.146000	4.399505
742.170000	5.924257
742.194000	-6.966832
742.217000	-2.135149
742.241000	-0.244059
742.264000	-0.016337
742.288000	17.795545
742.312000	9.003465
742.335000	2.399505
742.359000	5.340099
742.382000	12.924257
742.406000	12.845050
742.430000	-3.244059
742.453000	4.637129
742.477000	-3.570792
742.500000	1.161881
742.524000	-0.739109
742.548000	-2.511386
742.571000	2.122277
742.595000	2.043069
742.618000	-1.739109
742.642000	-1.412376
742.665000	9.854950
742.689000	-3.650000
742.712000	8.577723
742.736000	2.320297
742.760000	5.518317
742.783000	1.468812
742.807000	9.746040
742.830000	12.518317
742.854000	-3.719307
742.877000	1.062871
742.901000	3.755941
742.924000	-1.065842
742.948000	5.597525
742.971000	6.696535
742.995000	5.132178
743.018000	-6.016337
743.042000	-3.877723
743.065000	-0.788614
743.089000	-3.461881
743.112000	4.498515
743.136000	-1.481683
743.159000	-1.521287
743.183000	-1.362871
743.206000	6.439109
743.230000	-1.046040
743.253000	4.854950
743.277000	9.181683
743.300000	-1.531188
743.324000	1.934158
743.347000	-3.402475
743.371000	16.023267
743.394000	10.825248
743.418000	17.637129
743.441000	10.924257
743.465000	5.686634
743.488000	5.706436
743.512000	-5.719307
743.535000	1.468812
743.558000	1.795545
743.582000	3.755941
743.605000	3.468812
743.629000	9.805446
743.652000	9.854950
743.676000	3.250990
743.699000	10.449010
743.723000	8.201485
743.746000	9.250990
743.769000	2.716337
743.793000	6.924257
743.816000	0.557921
743.840000	13.439109
743.863000	2.369802
743.886000	7.033168
743.910000	12.706436
743.933000	7.548020
743.957000	7.142079
743.980000	2.142079
744.003000	4.795545
744.027000	5.429208
744.050000	0.627228
744.074000	3.874752
744.097000	-8.729208
744.120000	1.161881
744.144000	-5.451980
744.167000	8.528218
744.190000	2.914356
744.214000	1.013366
744.237000	-5.610396
744.260000	13.250990
744.284000	0.726238
744.307000	-7.818317
744.331000	4.468812
744.354000	-5.194554
744.377000	-3.352970
744.401000	1.973762
744.424000	-0.758911
744.447000	-9.085644
744.471000	-5.442079
