639.567000	-43.545545
639.602000	-43.545545
639.636000	-43.545545
639.670000	-43.060396
639.704000	-17.258416
639.738000	-2.436634
639.773000	8.959406
639.807000	-14.238614
639.841000	1.216832
639.875000	10.989109
639.909000	-0.545545
639.943000	-7.575248
639.978000	-3.387129
640.012000	1.494059
640.046000	9.602970
640.080000	4.642574
640.114000	0.553465
640.148000	-9.278218
640.182000	-8.347525
640.217000	-1.694059
640.251000	15.206931
640.285000	9.266337
640.319000	-7.812871
640.353000	-0.397030
640.387000	3.008911
640.421000	-2.208911
640.455000	-4.406931
640.490000	-0.703960
640.524000	-0.347525
640.558000	6.662376
640.592000	0.672277
640.626000	0.771287
640.660000	5.791089
640.694000	-5.486139
640.728000	5.543564
640.762000	8.900000
640.796000	14.414851
640.830000	14.296040
640.865000	-3.733663
640.899000	2.909901
640.933000	-0.545545
640.967000	0.741584
641.001000	5.107921
641.035000	5.038614
641.069000	-0.100000
641.103000	-7.298020
641.137000	-2.585149
641.171000	-11.397030
641.205000	5.810891
641.239000	1.226733
641.273000	13.286139
641.307000	8.494059
641.341000	1.929703
641.375000	-1.505941
641.409000	-4.100000
641.443000	-0.030693
641.477000	5.414851
641.511000	7.206931
641.545000	5.494059
641.579000	-1.406931
641.614000	6.424752
641.648000	6.058416
641.682000	-6.703960
641.716000	7.731683
641.750000	14.355446
641.784000	1.682178
641.818000	0.147525
641.852000	4.781188
641.886000	-2.555446
641.919000	21.494059
641.953000	1.167327
641.987000	-10.575248
642.021000	-1.773267
642.055000	5.543564
642.089000	4.167327
642.123000	-5.872277
642.157000	-4.515842
642.191000	-6.644554
642.225000	8.533663
642.259000	-1.070297
642.293000	9.355446
642.327000	3.870297
642.361000	-0.179208
642.395000	11.147525
642.429000	13.325743
642.463000	8.721782
642.497000	14.543564
642.531000	3.315842
642.565000	-3.367327
642.599000	9.266337
642.633000	-7.961386
642.666000	9.791089
642.700000	12.860396
642.734000	12.424752
642.768000	-6.377228
642.802000	0.573267
642.836000	4.474257
642.870000	0.058416
642.904000	6.929703
642.938000	10.226733
642.972000	1.781188
643.005000	2.939604
643.039000	13.038614
643.073000	0.583168
643.107000	7.286139
643.141000	3.325743
643.175000	4.494059
643.209000	1.266337
643.243000	2.038614
643.276000	5.751485
643.310000	-1.595050
643.344000	-1.812871
643.378000	1.424752
643.412000	11.513861
643.446000	4.107921
643.480000	-2.862376
643.513000	6.692079
643.547000	2.949505
643.581000	-4.674257
643.615000	9.672277
643.649000	3.959406
643.683000	4.741584
643.716000	0.949505
643.750000	4.612871
643.784000	-9.397030
643.818000	7.484158
643.852000	-0.941584
643.886000	1.028713
643.919000	7.503960
643.953000	0.573267
643.987000	0.355446
644.021000	10.424752
644.055000	9.117822
644.088000	-1.248515
644.122000	-5.149505
644.156000	-3.852475
644.190000	3.266337
644.224000	2.652475
644.257000	7.335644
644.291000	12.246535
644.325000	6.652475
644.359000	0.652475
644.392000	18.553465
644.426000	12.870297
644.460000	3.939604
644.494000	4.474257
644.527000	-4.763366
644.561000	3.632673
644.595000	3.444554
644.629000	-2.703960
644.662000	-2.753465
644.696000	13.068317
644.730000	6.127723
644.764000	6.741584
644.797000	0.008911
644.831000	2.088119
644.865000	10.365347
644.899000	2.414851
644.932000	20.533663
644.966000	1.424752
645.000000	9.939604
645.033000	16.850495
645.067000	-1.486139
645.101000	6.999010
645.135000	1.404950
645.168000	-1.535644
645.202000	-5.179208
645.236000	0.860396
645.269000	10.305941
645.303000	-0.723762
645.337000	-10.456436
645.370000	-4.169307
645.404000	3.711881
645.438000	3.573267
645.471000	-0.832673
645.505000	9.434653
645.539000	3.860396
645.572000	-7.169307
645.606000	-2.951485
645.640000	5.147525
645.673000	6.454455
645.707000	20.602970
645.741000	4.434653
645.774000	-5.337624
645.808000	7.424752
645.842000	-2.258416
645.875000	8.236634
645.909000	-2.941584
645.943000	-3.773267
645.976000	4.503960
646.010000	7.553465
646.043000	12.167327
646.077000	10.900000
646.111000	7.761386
646.144000	10.355446
646.178000	11.503960
646.212000	-9.931683
646.245000	-2.901980
646.279000	6.246535
646.312000	8.078218
646.346000	12.345545
646.380000	0.018812
646.413000	7.444554
646.447000	3.731683
646.480000	0.305941
646.514000	8.969307
646.547000	-0.892079
646.581000	-3.050495
646.615000	1.513861
646.648000	-5.515842
646.682000	0.860396
646.715000	0.949505
646.749000	9.038614
646.782000	-1.476238
646.816000	-2.218812
646.850000	7.305941
646.883000	-3.466337
646.917000	5.959406
646.950000	4.721782
646.984000	5.058416
647.017000	0.098020
647.051000	5.989109
647.084000	6.840594
647.118000	-3.317822
647.151000	0.771287
647.185000	6.375248
647.218000	-7.307921
647.252000	6.563366
647.285000	-6.119802
647.319000	-8.317822
647.353000	3.652475
647.386000	17.523762
647.420000	3.721782
647.453000	1.800990
647.487000	3.117822
647.520000	3.593069
647.553000	5.810891
647.587000	1.286139
647.620000	-1.258416
647.654000	4.840594
647.687000	5.474257
647.721000	8.098020
647.754000	6.484158
647.788000	3.117822
647.821000	-7.228713
647.855000	6.959406
647.888000	10.810891
647.922000	12.345545
647.955000	7.474257
647.989000	5.444554
648.022000	2.454455
648.055000	8.682178
648.089000	-1.941584
648.122000	21.484158
648.156000	1.474257
648.189000	2.058416
648.223000	8.058416
648.256000	15.900000
648.290000	7.503960
648.323000	1.424752
648.356000	9.929703
648.390000	7.503960
648.423000	5.672277
648.457000	0.672277
648.490000	7.157426
648.523000	10.969307
648.557000	0.553465
648.590000	0.444554
648.624000	2.900000
648.657000	3.583168
648.690000	16.256436
648.724000	9.929703
648.757000	14.939604
648.791000	9.642574
648.824000	9.939604
648.857000	18.503960
648.891000	4.692079
648.924000	4.167327
648.957000	16.315842
648.991000	-5.901980
649.024000	11.602970
649.057000	0.206931
649.091000	-2.179208
649.124000	10.414851
649.158000	9.474257
649.191000	23.890099
649.224000	3.969307
649.258000	7.583168
649.291000	8.622772
649.324000	6.197030
649.358000	2.880198
649.391000	8.157426
649.424000	5.830693
649.458000	-0.129703
649.491000	1.741584
649.524000	-5.496040
649.557000	-6.496040
649.591000	-12.466337
649.624000	12.018812
649.657000	-7.218812
649.691000	2.048515
649.724000	3.305941
649.757000	1.999010
649.791000	-4.080198
649.824000	14.236634
649.857000	11.365347
649.890000	4.365347
649.924000	-9.763366
649.957000	-1.674257
649.990000	-9.901980
650.023000	-1.070297
650.057000	-3.288119
650.090000	5.989109
650.123000	3.464356
650.157000	15.098020
650.190000	19.117822
650.223000	-0.218812
650.256000	-6.882178
650.290000	-0.476238
650.323000	2.959406
650.356000	8.612871
650.389000	-1.218812
650.423000	-5.496040
650.456000	5.187129
650.489000	4.345545
650.522000	7.325743
650.555000	17.444554
650.589000	11.088119
650.622000	4.068317
650.655000	12.900000
650.688000	4.929703
650.721000	0.919802
650.755000	4.840594
650.788000	10.335644
650.821000	2.167327
650.854000	1.157426
650.887000	4.800990
650.921000	-0.773267
650.954000	-1.981188
650.987000	1.563366
651.020000	-1.268317
651.053000	-6.872277
651.087000	-8.090099
651.120000	18.305941
651.153000	8.098020
651.186000	0.810891
651.219000	-8.793069
651.252000	8.414851
651.286000	9.969307
651.319000	-2.674257
651.352000	2.761386
651.385000	4.880198
651.418000	5.137624
651.451000	12.543564
651.484000	7.909901
651.518000	-6.218812
651.551000	17.751485
651.584000	-2.793069
651.617000	16.632673
651.650000	6.810891
651.683000	12.672277
651.716000	1.602970
651.749000	-7.733663
651.783000	0.593069
651.816000	3.365347
651.849000	8.018812
651.882000	4.741584
651.915000	-1.713861
651.948000	6.612871
651.981000	-0.892079
652.014000	-11.040594
652.047000	-7.357426
652.080000	-7.020792
652.114000	2.840594
652.147000	-3.020792
652.180000	5.771287
652.213000	25.424752
652.246000	-0.604950
652.279000	-3.347525
652.312000	9.464356
652.345000	-0.228713
652.378000	7.583168
652.411000	16.256436
652.444000	8.692079
652.477000	3.939604
652.510000	1.474257
652.543000	-9.802970
652.576000	4.286139
652.609000	-3.872277
652.642000	2.543564
652.675000	10.810891
652.709000	1.117822
652.742000	7.979208
652.775000	5.612871
652.808000	11.731683
652.841000	3.256436
652.874000	4.593069
652.907000	2.325743
652.940000	-1.882178
652.973000	-9.426733
653.006000	-4.575248
653.039000	2.563366
653.072000	5.573267
653.105000	-0.090099
653.138000	-11.743564
653.171000	-3.604950
653.204000	-0.268317
653.237000	6.662376
653.270000	-4.208911
653.303000	7.434653
653.336000	11.107921
653.368000	-1.426733
653.401000	3.325743
653.434000	-2.228713
653.467000	5.583168
653.500000	-8.842574
653.533000	-7.971287
653.566000	1.335644
653.599000	3.008911
653.632000	5.543564
653.665000	5.157426
653.698000	-8.268317
653.731000	-5.842574
653.764000	6.959406
653.797000	1.345545
653.830000	7.662376
653.863000	2.830693
653.896000	0.939604
653.929000	-0.446535
653.961000	6.088119
653.994000	1.117822
654.027000	-6.367327
654.060000	6.256436
654.093000	5.959406
654.126000	6.900000
654.159000	-5.921782
654.192000	3.543564
654.225000	-1.298020
654.258000	-2.129703
654.290000	1.028713
654.323000	4.048515
654.356000	-2.525743
654.389000	4.404950
654.422000	1.078218
654.455000	2.018812
654.488000	3.721782
654.521000	-10.713861
654.553000	-7.585149
654.586000	10.434653
654.619000	1.335644
654.652000	1.187129
654.685000	9.236634
654.718000	11.385149
654.751000	9.563366
654.783000	0.117822
654.816000	17.296040
654.849000	5.395050
654.882000	-3.248515
654.915000	-9.525743
654.948000	3.088119
654.980000	-2.218812
655.013000	1.474257
655.046000	-0.486139
655.079000	-2.674257
655.112000	5.979208
655.144000	-4.713861
655.177000	9.375248
655.210000	16.147525
655.243000	16.593069
655.276000	8.206931
655.308000	1.385149
655.341000	-2.892079
655.374000	10.583168
655.407000	0.038614
655.440000	2.305941
655.472000	13.256436
655.505000	9.959406
655.538000	5.731683
655.571000	17.107921
655.603000	7.999010
655.636000	9.335644
655.669000	18.751485
655.702000	15.345545
655.734000	6.751485
655.767000	14.236634
655.800000	20.870297
655.833000	23.058416
655.865000	31.890099
655.898000	27.157426
655.931000	33.919802
655.964000	43.850495
655.996000	51.543564
656.029000	65.434653
656.062000	56.791089
656.095000	69.117822
656.127000	64.365347
656.160000	102.048515
656.193000	126.741584
656.225000	177.642574
656.258000	279.127723
656.291000	505.424752
656.324000	1125.761386
656.356000	3387.395050
656.389000	7563.543564
656.422000	6048.612871
656.454000	2073.642574
656.487000	685.048515
656.520000	262.979208
656.552000	123.216832
656.585000	77.018812
656.618000	59.692079
656.650000	45.018812
656.683000	25.305941
656.716000	21.771287
656.748000	13.939604
656.781000	4.018812
656.814000	2.008911
656.846000	10.206931
656.879000	1.672277
656.912000	7.246535
656.944000	-11.189109
656.977000	-7.555446
657.010000	1.355446
657.042000	8.503960
657.075000	12.533663
657.108000	-2.327723
657.140000	6.711881
657.173000	16.711881
657.205000	27.721782
657.238000	11.553465
657.271000	5.494059
657.303000	-7.070297
657.336000	3.573267
657.369000	2.622772
657.401000	1.404950
657.434000	3.424752
657.466000	8.058416
657.499000	2.711881
657.532000	1.078218
657.564000	11.444554
657.597000	2.375248
657.629000	8.969307
657.662000	2.682178
657.694000	4.137624
657.727000	-9.832673
657.760000	10.989109
657.792000	-2.892079
657.825000	-3.466337
657.857000	0.444554
657.890000	-0.169307
657.922000	10.078218
657.955000	-4.604950
657.987000	2.919802
658.020000	12.711881
658.053000	11.721782
658.085000	3.266337
658.118000	5.900000
658.150000	10.602970
658.183000	18.226733
658.215000	0.791089
658.248000	-2.614851
658.280000	-2.525743
658.313000	14.662376
658.345000	12.028713
658.378000	2.098020
658.410000	-1.545545
658.443000	9.989109
658.475000	2.226733
658.508000	-1.010891
658.540000	-0.030693
658.573000	-6.545545
658.605000	3.355446
658.638000	-1.446535
658.670000	1.721782
658.703000	3.721782
658.735000	-6.694059
658.768000	3.127723
658.800000	-7.456436
658.833000	17.563366
658.865000	3.909901
658.898000	3.018812
658.930000	-4.535644
658.963000	-0.406931
658.995000	-11.129703
659.028000	3.216832
659.060000	-0.377228
659.092000	0.484158
659.125000	-3.733663
659.157000	7.444554
659.190000	-4.535644
659.222000	-3.604950
659.255000	2.959406
659.287000	2.444554
659.320000	-0.298020
659.352000	3.553465
659.384000	9.325743
659.417000	-1.753465
659.449000	5.513861
659.482000	8.672277
659.514000	-5.050495
659.546000	0.523762
659.579000	-6.852475
659.611000	3.454455
659.644000	-1.525743
659.676000	-7.575248
659.708000	-5.753465
659.741000	-7.367327
659.773000	7.375248
659.806000	3.692079
659.838000	2.305941
659.870000	0.909901
659.903000	-6.595050
659.935000	7.088119
659.967000	5.999010
660.000000	6.503960
660.032000	-15.288119
660.065000	12.206931
660.097000	2.602970
660.129000	0.484158
660.162000	-10.010891
660.194000	7.305941
660.226000	7.068317
660.259000	7.098020
660.291000	-1.357426
660.323000	-2.743564
660.356000	2.296040
660.388000	-3.684158
660.420000	-0.347525
660.453000	7.741584
660.485000	10.474257
660.517000	11.018812
660.550000	13.652475
660.582000	-0.218812
660.614000	9.553465
660.647000	-0.535644
660.679000	-10.921782
660.711000	4.107921
660.743000	-9.228713
660.776000	-5.496040
660.808000	-1.476238
660.840000	-4.327723
660.873000	1.484158
660.905000	0.503960
660.937000	1.335644
660.969000	2.226733
661.002000	2.513861
661.034000	13.404950
661.066000	1.840594
661.099000	8.870297
661.131000	13.870297
661.163000	4.018812
661.195000	2.860396
661.228000	13.365347
661.260000	-2.317822
661.292000	-2.882178
661.324000	6.028713
661.357000	6.622772
661.389000	5.583168
661.421000	5.731683
661.453000	-0.169307
661.485000	4.701980
661.518000	2.672277
661.550000	-9.901980
661.582000	-11.565347
661.614000	-2.030693
661.647000	4.800990
661.679000	2.335644
661.711000	4.662376
661.743000	-3.901980
661.775000	2.890099
661.808000	19.246535
661.840000	-7.278218
661.872000	3.355446
661.904000	-0.416832
661.936000	2.206931
661.969000	-8.585149
662.001000	-5.070297
662.033000	2.800990
662.065000	-2.773267
662.097000	11.533663
662.129000	9.434653
662.162000	-4.644554
662.194000	3.781188
662.226000	1.840594
662.258000	9.315842
662.290000	2.226733
662.322000	-8.545545
662.355000	-10.644554
662.387000	18.810891
662.419000	9.612871
662.451000	11.395050
662.483000	9.256436
662.515000	-1.456436
662.547000	-1.159406
662.580000	-5.793069
662.612000	-5.387129
662.644000	-11.347525
662.676000	3.692079
662.708000	16.315842
662.740000	-0.397030
662.772000	3.078218
662.804000	6.414851
662.836000	6.890099
662.869000	-1.238614
662.901000	8.246535
662.933000	1.830693
662.965000	13.474257
662.997000	10.583168
663.029000	-6.822772
663.061000	-3.763366
663.093000	-1.456436
663.125000	6.860396
663.157000	6.434653
663.189000	1.424752
663.221000	9.810891
663.254000	2.058416
663.286000	6.593069
663.318000	-2.149505
663.350000	-4.179208
663.382000	1.137624
663.414000	6.375248
663.446000	4.652475
663.478000	-5.268317
663.510000	23.187129
663.542000	-5.060396
663.574000	1.741584
663.606000	5.642574
663.638000	-9.298020
663.670000	-4.060396
663.702000	-2.347525
663.734000	-0.169307
663.766000	5.305941
663.798000	-3.406931
663.830000	2.840594
663.862000	7.395050
663.894000	8.197030
663.926000	0.206931
663.958000	10.088119
663.990000	1.107921
664.022000	-4.357426
664.054000	9.662376
664.086000	-4.456436
664.118000	-8.753465
664.150000	-7.743564
664.182000	2.602970
664.214000	-0.674257
664.246000	11.692079
664.278000	5.028713
664.310000	13.365347
664.342000	5.880198
664.374000	0.573267
664.406000	0.226733
664.438000	-1.397030
664.470000	14.315842
664.502000	0.335644
664.534000	0.088119
664.566000	-5.555446
664.598000	10.078218
664.630000	-2.535644
664.662000	3.236634
664.693000	-1.337624
664.725000	-6.307921
664.757000	-2.119802
664.789000	-9.337624
664.821000	4.939604
664.853000	9.226733
664.885000	2.503960
664.917000	-3.961386
664.949000	12.711881
664.981000	16.107921
665.013000	2.553465
665.045000	-9.604950
665.076000	-1.446535
665.108000	3.315842
665.140000	-1.426733
665.172000	1.959406
665.204000	-2.139604
665.236000	-2.258416
665.268000	13.751485
665.300000	-1.129703
665.331000	-7.901980
665.363000	4.979208
665.395000	-6.288119
665.427000	-3.842574
665.459000	6.256436
665.491000	-0.317822
665.523000	2.513861
665.555000	-0.783168
665.586000	1.781188
665.618000	-1.802970
665.650000	-10.763366
665.682000	6.395050
665.714000	5.791089
665.746000	-2.585149
665.777000	0.800990
665.809000	-0.773267
665.841000	4.226733
665.873000	-2.367327
665.905000	2.276238
665.937000	11.078218
665.968000	5.286139
666.000000	1.147525
666.032000	3.929703
666.064000	-0.020792
666.096000	-0.268317
666.127000	7.583168
666.159000	13.197030
666.191000	10.167327
666.223000	2.642574
666.255000	5.404950
666.286000	4.345545
666.318000	-0.357426
666.350000	15.117822
666.382000	3.999010
666.413000	-6.199010
666.445000	-10.515842
666.477000	-11.228713
666.509000	-4.941584
666.540000	1.424752
666.572000	-2.119802
666.604000	-0.090099
666.636000	0.563366
666.667000	14.583168
666.699000	15.068317
666.731000	4.593069
666.763000	-4.040594
666.794000	-0.119802
666.826000	3.088119
666.858000	-10.248515
666.890000	10.177228
666.921000	4.464356
666.953000	3.840594
666.985000	11.791089
667.017000	18.147525
667.048000	6.038614
667.080000	-0.802970
667.112000	-3.604950
667.143000	-7.436634
667.175000	5.840594
667.207000	2.137624
667.238000	6.078218
667.270000	4.939604
667.302000	3.325743
667.334000	0.137624
667.365000	15.860396
667.397000	3.345545
667.429000	-3.595050
667.460000	11.018812
667.492000	7.117822
667.524000	-0.961386
667.555000	-4.466337
667.587000	1.276238
667.619000	-1.387129
667.650000	-6.199010
667.682000	4.701980
667.714000	7.711881
667.745000	2.741584
667.777000	2.098020
667.808000	8.909901
667.840000	6.731683
667.872000	1.246535
667.903000	18.979208
667.935000	-0.357426
667.967000	1.236634
667.998000	2.276238
668.030000	-1.090099
668.061000	5.444554
668.093000	0.157426
668.125000	6.216832
668.156000	5.583168
668.188000	-2.139604
668.220000	-5.812871
668.251000	5.137624
668.283000	8.662376
668.314000	11.771287
668.346000	-3.852475
668.377000	1.850495
668.409000	-4.030693
668.441000	8.464356
668.472000	5.276238
668.504000	9.157426
668.535000	7.365347
668.567000	10.048515
668.599000	3.840594
668.630000	-0.466337
668.662000	1.048515
668.693000	14.791089
668.725000	6.414851
668.756000	9.315842
668.788000	0.503960
668.819000	1.880198
668.851000	2.860396
668.882000	1.870297
668.914000	-1.317822
668.946000	-0.664356
668.977000	-5.802970
669.009000	-2.238614
669.040000	-11.466337
669.072000	1.880198
669.103000	3.791089
669.135000	-1.020792
669.166000	1.652475
669.198000	2.701980
669.229000	6.276238
669.261000	-0.100000
669.292000	-1.288119
669.324000	5.266337
669.355000	8.256436
669.387000	-4.971287
669.418000	6.880198
669.450000	-6.238614
669.481000	4.969307
669.513000	5.513861
669.544000	5.880198
669.576000	0.583168
669.607000	12.008911
669.639000	12.800990
669.670000	-3.248515
669.701000	7.939604
669.733000	-8.604950
669.764000	-1.070297
669.796000	-0.456436
669.827000	-6.486139
669.859000	-4.208911
669.890000	5.682178
669.922000	10.494059
669.953000	8.494059
669.985000	6.305941
670.016000	10.236634
670.047000	2.721782
670.079000	0.177228
670.110000	6.375248
670.142000	1.751485
670.173000	2.395050
670.204000	0.296040
670.236000	2.989109
670.267000	-5.149505
670.299000	0.513861
670.330000	2.197030
670.362000	7.375248
670.393000	-8.733663
670.424000	6.454455
670.456000	-10.288119
670.487000	-2.268317
670.518000	0.672277
670.550000	1.880198
670.581000	0.741584
670.613000	3.949505
670.644000	-4.921782
670.675000	-9.070297
670.707000	-4.169307
670.738000	2.127723
670.769000	-0.555446
670.801000	-7.842574
670.832000	6.187129
670.864000	-8.397030
670.895000	4.276238
670.926000	-0.872277
670.958000	-1.020792
670.989000	2.206931
671.020000	-3.387129
671.052000	0.573267
671.083000	3.236634
671.114000	-2.010891
671.146000	8.791089
671.177000	2.652475
671.208000	-3.555446
671.240000	-9.614851
671.271000	-1.892079
671.302000	4.612871
671.333000	-4.238614
671.365000	-6.426733
671.396000	-7.020792
671.427000	5.573267
671.459000	6.989109
671.490000	6.523762
671.521000	6.286139
671.553000	3.870297
671.584000	8.296040
671.615000	-6.000990
671.646000	5.157426
671.678000	2.800990
671.709000	-8.822772
671.740000	-14.832673
671.771000	-6.367327
671.803000	-2.921782
671.834000	2.167327
671.865000	-2.090099
671.896000	5.860396
671.928000	0.365347
671.959000	-4.614851
671.990000	-2.961386
672.021000	-2.258416
672.053000	-5.545545
672.084000	8.771287
672.115000	5.167327
672.146000	-2.000990
672.178000	-11.753465
672.209000	-4.268317
672.240000	-0.674257
672.271000	20.137624
672.303000	4.424752
672.334000	-0.337624
672.365000	-4.278218
672.396000	2.187129
672.427000	4.068317
672.459000	8.820792
672.490000	20.523762
672.521000	5.444554
672.552000	8.286139
672.583000	5.157426
672.615000	1.385149
672.646000	9.088119
672.677000	-2.585149
672.708000	-1.377228
672.739000	0.939604
672.770000	9.969307
672.802000	4.523762
672.833000	-1.941584
672.864000	1.117822
672.895000	-4.317822
672.926000	-3.129703
672.957000	-9.199010
672.989000	-2.070297
673.020000	4.850495
673.051000	-1.872277
673.082000	10.167327
673.113000	1.305941
673.144000	7.127723
673.175000	2.969307
673.206000	-4.179208
673.238000	-3.129703
673.269000	-0.713861
673.300000	-6.248515
673.331000	8.256436
673.362000	1.612871
673.393000	1.513861
673.424000	7.533663
673.455000	13.929703
673.487000	4.078218
673.518000	10.474257
673.549000	2.503960
673.580000	-2.030693
673.611000	4.167327
673.642000	0.305941
673.673000	-14.337624
673.704000	0.682178
673.735000	0.563366
673.766000	-1.703960
673.797000	-1.713861
673.828000	1.216832
673.860000	-7.763366
673.891000	-8.842574
673.922000	-10.337624
673.953000	-6.337624
673.984000	3.731683
674.015000	7.820792
674.046000	1.127723
674.077000	3.068317
674.108000	-5.981188
674.139000	-3.139604
674.170000	-4.783168
674.201000	-6.505941
674.232000	-2.436634
674.263000	-5.100000
674.294000	-4.337624
674.325000	-11.060396
674.356000	5.563366
674.387000	12.464356
674.418000	5.107921
674.449000	-5.119802
674.480000	-8.406931
674.511000	-0.070297
674.542000	6.008911
674.573000	-5.991089
674.604000	10.523762
674.635000	0.305941
674.666000	7.117822
674.697000	1.672277
674.728000	1.642574
674.759000	1.652475
674.790000	-8.525743
674.821000	-5.664356
674.852000	-0.100000
674.883000	-5.733663
674.914000	-2.555446
674.945000	-0.387129
674.976000	1.919802
675.007000	-5.416832
675.038000	-10.000990
675.069000	-11.773267
675.100000	-4.317822
675.131000	1.068317
675.162000	-8.060396
675.193000	-6.020792
675.224000	-4.070297
675.254000	6.484158
675.285000	5.761386
675.316000	11.840594
675.347000	1.692079
675.378000	-5.852475
675.409000	-7.604950
675.440000	6.157426
675.471000	1.187129
675.502000	-6.703960
675.533000	-0.317822
675.564000	1.840594
675.595000	-0.624752
675.625000	17.226733
675.656000	7.622772
675.687000	2.296040
675.718000	-10.763366
675.749000	5.296040
675.780000	3.543564
675.811000	-3.783168
675.842000	5.028713
675.873000	0.731683
675.903000	-3.753465
675.934000	-0.624752
675.965000	-4.802970
675.996000	-6.555446
676.027000	3.820792
676.058000	-1.436634
676.089000	-11.317822
676.119000	1.058416
676.150000	-1.159406
676.181000	0.642574
676.212000	-1.892079
676.243000	8.157426
676.274000	-2.703960
676.304000	13.444554
676.335000	-10.565347
676.366000	1.484158
676.397000	-2.298020
676.428000	-1.763366
676.459000	5.414851
676.489000	8.761386
676.520000	6.395050
676.551000	0.820792
676.582000	-5.486139
676.613000	2.593069
676.643000	-6.486139
676.674000	7.682178
676.705000	0.979208
676.736000	4.117822
676.767000	13.761386
676.797000	10.197030
676.828000	6.395050
676.859000	-1.238614
676.890000	-2.971287
676.920000	2.602970
676.951000	5.791089
676.982000	4.563366
677.013000	-1.525743
677.044000	12.999010
677.074000	0.919802
677.105000	-7.753465
677.136000	7.008911
677.167000	0.939604
677.197000	9.850495
677.228000	0.662376
677.259000	-6.387129
677.289000	-0.525743
677.320000	-12.733663
677.351000	-6.387129
677.382000	-5.129703
677.412000	-7.010891
677.443000	7.305941
677.474000	0.711881
677.505000	-6.862376
677.535000	2.137624
677.566000	-3.793069
677.597000	-9.179208
677.627000	-8.763366
677.658000	-1.664356
677.689000	-0.367327
677.720000	1.088119
677.750000	-2.565347
677.781000	0.890099
677.812000	2.880198
677.842000	6.622772
677.873000	3.365347
677.904000	0.187129
677.934000	0.226733
677.965000	-3.595050
677.996000	-12.604950
678.026000	0.513861
678.057000	2.206931
678.088000	-9.317822
678.118000	-1.139604
678.149000	-8.585149
678.180000	-3.020792
678.210000	1.840594
678.241000	1.919802
678.272000	-0.664356
678.302000	0.583168
678.333000	5.078218
678.363000	6.424752
678.394000	3.543564
678.425000	-0.020792
678.455000	1.711881
678.486000	8.890099
678.517000	-3.119802
678.547000	0.494059
678.578000	1.296040
678.608000	-11.941584
678.639000	4.424752
678.670000	2.543564
678.700000	-6.951485
678.731000	-3.743564
678.761000	-1.595050
678.792000	3.791089
678.823000	8.563366
678.853000	2.612871
678.884000	-8.872277
678.914000	6.305941
678.945000	3.018812
678.975000	-5.189109
679.006000	3.880198
679.037000	-4.921782
679.067000	19.048515
679.098000	1.979208
679.128000	-4.991089
679.159000	-1.674257
679.189000	8.959406
679.220000	-8.337624
679.250000	4.385149
679.281000	0.553465
679.312000	-1.109901
679.342000	3.355446
679.373000	23.226733
679.403000	3.187129
679.434000	6.216832
679.464000	-0.436634
679.495000	3.305941
679.525000	3.226733
679.556000	-2.634653
679.586000	7.484158
679.617000	6.187129
679.647000	1.286139
679.678000	1.018812
679.708000	-0.278218
679.739000	-0.733663
679.769000	0.325743
679.800000	-0.862376
679.830000	0.315842
679.861000	7.494059
679.891000	-3.060396
679.922000	-12.169307
679.952000	-2.090099
679.983000	5.206931
680.013000	5.365347
680.044000	-6.337624
680.074000	8.048515
680.105000	8.088119
680.135000	3.543564
680.165000	9.008911
680.196000	8.028713
680.226000	4.345545
680.257000	6.909901
680.287000	0.880198
680.318000	-2.664356
680.348000	-8.387129
680.379000	9.187129
680.409000	3.870297
680.439000	-1.654455
680.470000	-1.694059
680.500000	-0.793069
680.531000	0.444554
680.561000	9.454455
680.592000	6.088119
680.622000	12.563366
680.652000	0.969307
680.683000	10.900000
680.713000	-1.674257
680.744000	-4.981188
680.774000	-6.743564
680.804000	14.503960
680.835000	-2.446535
680.865000	-8.852475
680.896000	15.177228
680.926000	15.048515
680.956000	3.830693
680.987000	2.345545
681.017000	-1.565347
681.047000	4.355446
681.078000	-5.971287
681.108000	0.008911
681.139000	1.919802
681.169000	1.206931
681.199000	-0.545545
681.230000	4.840594
681.260000	0.305941
681.290000	5.553465
681.321000	-7.624752
681.351000	1.494059
681.381000	-8.862376
681.412000	3.167327
681.442000	1.226733
681.472000	13.206931
681.503000	6.503960
681.533000	3.751485
681.563000	-1.496040
681.594000	-1.951485
681.624000	5.137624
681.654000	-3.575248
681.685000	-1.367327
681.715000	2.593069
681.745000	-0.901980
681.775000	-4.911881
681.806000	-0.535644
681.836000	0.088119
681.866000	-5.753465
681.897000	1.454455
681.927000	-2.080198
681.957000	-14.505941
681.987000	4.147525
682.018000	0.454455
682.048000	3.474257
682.078000	3.731683
682.109000	17.791089
682.139000	9.276238
682.169000	3.187129
682.199000	-1.129703
682.230000	-7.852475
682.260000	3.692079
682.290000	-3.703960
682.320000	-0.298020
682.351000	-1.793069
682.381000	0.444554
682.411000	-0.288119
682.441000	-5.060396
682.472000	-6.595050
682.502000	-2.585149
682.532000	-5.129703
682.562000	1.008911
682.592000	7.246535
682.623000	8.543564
682.653000	2.919802
682.683000	-4.505941
682.713000	5.098020
682.743000	-0.723762
682.774000	-3.100000
682.804000	3.177228
682.834000	12.810891
682.864000	-2.406931
682.894000	-0.357426
682.925000	-2.911881
682.955000	-1.357426
682.985000	-5.604950
683.015000	4.484158
683.045000	9.098020
683.076000	-8.307921
683.106000	-1.812871
683.136000	-2.753465
683.166000	-4.991089
683.196000	-3.763366
683.226000	-3.466337
683.257000	-5.040594
683.287000	-2.892079
683.317000	-5.159406
683.347000	-6.149505
683.377000	-2.327723
683.407000	4.078218
683.437000	7.414851
683.468000	10.404950
683.498000	-4.812871
683.528000	-0.525743
683.558000	2.593069
683.588000	-2.317822
683.618000	-6.010891
683.648000	-4.179208
683.678000	3.692079
683.708000	8.939604
683.739000	0.642574
683.769000	1.612871
683.799000	1.890099
683.829000	0.385149
683.859000	4.018812
683.889000	11.088119
683.919000	0.583168
683.949000	3.721782
683.979000	-2.575248
684.009000	-1.109901
684.039000	1.474257
684.070000	-6.367327
684.100000	12.652475
684.130000	4.078218
684.160000	2.454455
684.190000	-1.644554
684.220000	-0.802970
684.250000	3.721782
684.280000	-3.703960
684.310000	15.751485
684.340000	9.870297
684.370000	6.018812
684.400000	-4.565347
684.430000	4.058416
684.460000	1.375248
684.490000	5.206931
684.520000	5.494059
684.550000	11.256436
684.580000	2.345545
684.610000	3.058416
684.640000	8.800990
684.670000	9.573267
684.700000	0.919802
684.730000	6.989109
684.760000	-0.812871
684.790000	14.315842
684.820000	1.117822
684.850000	-5.991089
684.880000	5.612871
684.910000	1.959406
684.940000	0.444554
684.970000	-6.634653
685.000000	-4.595050
685.030000	-7.020792
685.060000	-6.436634
685.090000	-0.466337
685.120000	14.880198
685.150000	-4.654455
685.180000	5.672277
685.210000	4.305941
685.240000	9.999010
685.270000	11.870297
685.300000	-0.565347
685.330000	5.355446
685.360000	-2.832673
685.390000	0.078218
685.420000	-6.763366
685.450000	-1.228713
685.480000	-0.535644
685.510000	-4.456436
685.540000	10.959406
685.569000	8.137624
685.599000	5.028713
685.629000	4.880198
685.659000	-0.357426
685.689000	-1.694059
685.719000	0.583168
685.749000	-5.416832
685.779000	5.296040
685.809000	7.068317
685.839000	3.048515
685.869000	3.206931
685.898000	8.969307
685.928000	2.325743
685.958000	-0.119802
685.988000	12.652475
686.018000	0.840594
686.048000	5.692079
686.078000	11.187129
686.108000	13.028713
686.137000	3.533663
686.167000	13.781188
686.197000	-9.070297
686.227000	-0.189109
686.257000	25.018812
686.287000	14.315842
686.317000	3.721782
686.346000	-2.327723
686.376000	-7.179208
686.406000	-5.317822
686.436000	8.345545
686.466000	-1.268317
686.496000	5.385149
686.525000	4.612871
686.555000	-0.476238
686.585000	13.692079
686.615000	25.325743
686.645000	10.612871
686.675000	1.800990
686.704000	5.296040
686.734000	6.800990
686.764000	-3.109901
686.794000	3.068317
686.824000	-1.674257
686.853000	9.652475
686.883000	12.147525
686.913000	13.573267
686.943000	2.583168
686.973000	-3.694059
687.002000	3.701980
687.032000	6.226733
687.062000	-1.882178
687.092000	14.791089
687.121000	-1.367327
687.151000	3.484158
687.181000	1.979208
687.211000	9.602970
687.240000	2.474257
687.270000	2.296040
687.300000	0.226733
687.330000	2.583168
687.359000	-11.694059
687.389000	4.642574
687.419000	1.137624
687.449000	1.533663
687.478000	6.900000
687.508000	0.602970
687.538000	6.682178
687.568000	5.414851
687.597000	-4.624752
687.627000	3.999010
687.657000	3.038614
687.686000	5.880198
687.716000	18.048515
687.746000	-7.179208
687.776000	-4.872277
687.805000	6.256436
687.835000	0.959406
687.865000	15.266337
687.894000	8.098020
687.924000	-1.476238
687.954000	0.632673
687.983000	2.107921
688.013000	9.553465
688.043000	7.959406
688.072000	1.127723
688.102000	9.860396
688.132000	0.404950
688.161000	0.454455
688.191000	-1.604950
688.221000	17.375248
688.250000	-5.248515
688.280000	4.078218
688.310000	-1.119802
688.339000	2.840594
688.369000	-7.238614
688.399000	-4.050495
688.428000	-3.387129
688.458000	2.682178
688.488000	-3.040594
688.517000	8.414851
688.547000	-1.347525
688.576000	28.404950
688.606000	11.503960
688.636000	-6.614851
688.665000	4.098020
688.695000	7.494059
688.725000	11.484158
688.754000	7.751485
688.784000	1.939604
688.813000	12.771287
688.843000	1.949505
688.873000	-2.505941
688.902000	-2.941584
688.932000	-1.882178
688.961000	2.791089
688.991000	13.008911
689.020000	12.286139
689.050000	-3.278218
689.080000	11.058416
689.109000	11.147525
689.139000	1.157426
689.168000	4.414851
689.198000	0.939604
689.227000	-0.416832
689.257000	4.731683
689.287000	10.434653
689.316000	1.474257
689.346000	-6.268317
689.375000	-7.713861
689.405000	6.474257
689.434000	-1.149505
689.464000	5.860396
689.493000	-0.496040
689.523000	-4.367327
689.552000	-3.545545
689.582000	2.652475
689.611000	-0.426733
689.641000	7.593069
689.670000	2.761386
689.700000	7.791089
689.730000	11.553465
689.759000	6.474257
689.789000	14.454455
689.818000	0.830693
689.848000	-0.793069
689.877000	15.593069
689.906000	-1.466337
689.936000	-4.327723
689.965000	6.395050
689.995000	8.068317
690.024000	8.751485
690.054000	0.741584
690.083000	4.187129
690.113000	1.939604
690.142000	0.602970
690.172000	3.454455
690.201000	4.464356
690.231000	1.365347
690.260000	8.098020
690.290000	4.216832
690.319000	10.979208
690.348000	-0.852475
690.378000	3.266337
690.407000	6.187129
690.437000	0.840594
690.466000	1.513861
690.496000	0.018812
690.525000	8.414851
690.555000	-1.892079
690.584000	0.563366
690.613000	0.533663
690.643000	6.414851
690.672000	8.404950
690.702000	7.810891
690.731000	0.543564
690.760000	2.177228
690.790000	-3.159406
690.819000	-3.268317
690.849000	3.038614
690.878000	0.454455
690.907000	2.612871
690.937000	12.157426
690.966000	11.989109
690.996000	3.018812
691.025000	1.078218
691.054000	1.098020
691.084000	3.711881
691.113000	2.919802
691.142000	6.424752
691.172000	8.731683
691.201000	13.187129
691.230000	2.503960
691.260000	12.325743
691.289000	5.771287
691.319000	-1.139604
691.348000	2.860396
691.377000	14.830693
691.407000	7.266337
691.436000	9.088119
691.465000	4.791089
691.495000	-0.070297
691.524000	-6.129703
691.553000	-2.555446
691.583000	-2.505941
691.612000	14.246535
691.641000	2.533663
691.670000	1.315842
691.700000	5.919802
691.729000	-7.763366
691.758000	2.909901
691.788000	2.335644
691.817000	-1.050495
691.846000	-4.030693
691.876000	1.296040
691.905000	4.711881
691.934000	-0.822772
691.963000	12.365347
691.993000	5.177228
692.022000	-3.000990
692.051000	-9.367327
692.081000	9.513861
692.110000	17.355446
692.139000	7.038614
692.168000	7.612871
692.198000	16.751485
692.227000	9.197030
692.256000	5.335644
692.285000	1.008911
692.315000	-0.109901
692.344000	5.711881
692.373000	5.107921
692.402000	-13.535644
692.432000	-6.505941
692.461000	0.375248
692.490000	2.692079
692.519000	0.820792
692.548000	11.771287
692.578000	11.276238
692.607000	-3.842574
692.636000	-6.377228
692.665000	11.197030
692.694000	-0.139604
692.724000	2.018812
692.753000	8.157426
692.782000	11.860396
692.811000	-3.298020
692.840000	0.682178
692.870000	4.662376
692.899000	-0.010891
692.928000	1.296040
692.957000	6.969307
692.986000	7.870297
693.016000	5.078218
693.045000	7.830693
693.074000	5.167327
693.103000	0.751485
693.132000	3.969307
693.161000	9.622772
693.191000	-0.486139
693.220000	-7.199010
693.249000	1.503960
693.278000	0.266337
693.307000	14.117822
693.336000	-7.000990
693.365000	-10.169307
693.395000	-1.298020
693.424000	2.375248
693.453000	14.553465
693.482000	2.008911
693.511000	7.721782
693.540000	5.929703
693.569000	6.791089
693.598000	1.731683
693.628000	11.573267
693.657000	11.246535
693.686000	19.612871
693.715000	13.424752
693.744000	11.810891
693.773000	14.721782
693.802000	6.870297
693.831000	-1.436634
693.860000	16.008911
693.889000	-0.802970
693.919000	5.602970
693.948000	2.206931
693.977000	5.256436
694.006000	0.692079
694.035000	-0.406931
694.064000	-2.149505
694.093000	1.939604
694.122000	-0.060396
694.151000	-0.753465
694.180000	7.157426
694.209000	21.761386
694.238000	5.840594
694.267000	20.692079
694.296000	12.206931
694.325000	7.949505
694.354000	12.959406
694.383000	8.444554
694.412000	-0.060396
694.441000	-2.555446
694.471000	-3.080198
694.500000	-8.100000
694.529000	5.602970
694.558000	18.820792
694.587000	15.008911
694.616000	0.830693
694.645000	3.771287
694.674000	14.949505
694.703000	11.206931
694.732000	1.404950
694.761000	12.652475
694.790000	13.226733
694.819000	-7.347525
694.848000	2.523762
694.877000	18.612871
694.906000	20.929703
694.935000	4.751485
694.963000	19.484158
694.992000	3.553465
695.021000	6.395050
695.050000	10.028713
695.079000	6.375248
695.108000	0.840594
695.137000	18.058416
695.166000	7.900000
695.195000	-2.278218
695.224000	9.127723
695.253000	4.711881
695.282000	3.711881
695.311000	9.127723
695.340000	2.157426
695.369000	7.721782
695.398000	5.315842
695.427000	19.058416
695.456000	5.612871
695.485000	6.890099
695.513000	4.543564
695.542000	3.751485
695.571000	2.959406
695.600000	16.830693
695.629000	5.503960
695.658000	10.959406
695.687000	3.810891
695.716000	3.513861
695.745000	20.028713
695.774000	-4.119802
695.802000	-2.426733
695.831000	7.880198
695.860000	12.048515
695.889000	12.276238
695.918000	6.038614
695.947000	0.315842
695.976000	1.444554
696.005000	4.494059
696.033000	7.107921
696.062000	15.147525
696.091000	4.494059
696.120000	6.345545
696.149000	17.216832
696.178000	4.276238
696.207000	7.226733
696.235000	-8.010891
696.264000	8.177228
696.293000	5.761386
696.322000	8.197030
696.351000	12.098020
696.380000	0.424752
696.408000	5.959406
696.437000	3.048515
696.466000	8.256436
696.495000	14.454455
696.524000	12.919802
696.553000	7.711881
696.581000	10.127723
696.610000	1.612871
696.639000	0.434653
696.668000	4.959406
696.697000	-2.288119
696.725000	8.870297
696.754000	4.949505
696.783000	-0.179208
696.812000	-1.307921
696.840000	8.969307
696.869000	7.068317
696.898000	1.553465
696.927000	2.820792
696.956000	15.751485
696.984000	-1.377228
697.013000	3.909901
697.042000	3.266337
697.071000	7.870297
697.099000	13.058416
697.128000	8.127723
697.157000	6.474257
697.186000	0.632673
697.214000	0.602970
697.243000	-0.624752
697.272000	-0.545545
697.301000	6.365347
697.329000	5.771287
697.358000	7.276238
697.387000	19.355446
697.415000	9.939604
697.444000	6.048515
697.473000	2.434653
697.502000	-4.931683
697.530000	8.365347
697.559000	2.236634
697.588000	4.701980
697.616000	1.286139
697.645000	0.474257
697.674000	13.335644
697.703000	2.325743
697.731000	11.632673
697.760000	7.791089
697.789000	1.781188
697.817000	3.810891
697.846000	17.632673
697.875000	4.226733
697.903000	18.959406
697.932000	12.840594
697.961000	6.197030
697.989000	9.810891
698.018000	7.553465
698.047000	4.771287
698.075000	11.642574
698.104000	-1.080198
698.133000	0.751485
698.161000	-2.486139
698.190000	1.900000
698.218000	0.276238
698.247000	7.078218
698.276000	-0.426733
698.304000	9.632673
698.333000	7.969307
698.362000	6.256436
698.390000	7.058416
698.419000	9.206931
698.447000	0.612871
698.476000	1.523762
698.505000	10.820792
698.533000	7.672277
698.562000	4.929703
698.591000	-3.129703
698.619000	-5.406931
698.648000	3.840594
698.676000	6.048515
698.705000	0.147525
698.733000	-6.525743
698.762000	5.890099
698.791000	4.147525
698.819000	2.424752
698.848000	1.652475
698.876000	11.503960
698.905000	5.632673
698.933000	9.494059
698.962000	5.385149
698.991000	4.256436
699.019000	15.909901
699.048000	6.206931
699.076000	6.672277
699.105000	-5.694059
699.133000	-2.337624
699.162000	7.494059
699.190000	17.583168
699.219000	8.880198
699.248000	2.830693
699.276000	-0.505941
699.305000	-2.882178
699.333000	8.454455
699.362000	0.286139
699.390000	9.672277
699.419000	-3.604950
699.447000	7.642574
699.476000	9.830693
699.504000	-0.100000
699.533000	2.751485
699.561000	-6.535644
699.590000	3.444554
699.618000	0.791089
699.647000	3.979208
699.675000	3.870297
699.704000	8.721782
699.732000	2.345545
699.761000	7.632673
699.789000	1.068317
699.818000	7.781188
699.846000	0.236634
699.874000	-2.169307
699.903000	-1.020792
699.931000	-1.238614
699.960000	6.246535
699.988000	1.701980
700.017000	0.286139
700.045000	2.365347
700.074000	-0.753465
700.102000	0.305941
700.130000	-3.000990
700.159000	5.900000
700.187000	6.474257
700.216000	1.098020
700.244000	0.117822
700.273000	8.167327
700.301000	11.414851
700.329000	15.107921
700.358000	15.187129
700.386000	2.345545
700.415000	2.424752
700.443000	3.325743
700.472000	-0.139604
700.500000	5.771287
700.528000	9.286139
700.557000	5.781188
700.585000	-0.476238
700.614000	-0.278218
700.642000	12.731683
700.670000	18.721782
700.699000	10.286139
700.727000	3.721782
700.755000	3.939604
700.784000	3.642574
700.812000	0.969307
700.841000	8.305941
700.869000	0.424752
700.897000	-11.189109
700.926000	-1.040594
700.954000	7.404950
700.982000	8.543564
701.011000	2.365347
701.039000	8.315842
701.067000	1.721782
701.096000	7.137624
701.124000	-5.872277
701.152000	1.939604
701.181000	0.622772
701.209000	-9.773267
701.237000	1.038614
701.266000	-3.139604
701.294000	-4.842574
701.322000	4.543564
701.351000	10.048515
701.379000	3.226733
701.407000	-3.367327
701.435000	4.226733
701.464000	12.711881
701.492000	19.900000
701.520000	-3.020792
701.549000	4.216832
701.577000	-4.941584
701.605000	-2.575248
701.634000	2.523762
701.662000	11.662376
701.690000	-6.773267
701.718000	-5.426733
701.747000	7.246535
701.775000	2.395050
701.803000	-2.981188
701.831000	11.840594
701.860000	-1.030693
701.888000	6.751485
701.916000	1.325743
701.944000	3.860396
701.973000	-2.624752
702.001000	-7.486139
702.029000	-5.802970
702.057000	-5.020792
702.086000	-7.397030
702.114000	-8.040594
702.142000	2.098020
702.170000	-6.793069
702.199000	0.612871
702.227000	1.266337
702.255000	-0.713861
702.283000	-4.020792
702.311000	7.117822
702.340000	-0.703960
702.368000	-5.961386
702.396000	0.494059
702.424000	0.850495
702.452000	-0.525743
702.481000	1.632673
702.509000	0.345545
702.537000	5.939604
702.565000	6.246535
702.593000	-10.822772
702.621000	-0.208911
702.650000	8.701980
702.678000	5.929703
702.706000	8.137624
702.734000	-2.010891
702.762000	6.345545
702.790000	3.602970
702.819000	4.761386
702.847000	4.355446
702.875000	12.305941
702.903000	7.949505
702.931000	-5.486139
702.959000	0.989109
702.988000	4.929703
703.016000	-7.882178
703.044000	-0.515842
703.072000	-0.545545
703.100000	-4.080198
703.128000	0.800990
703.156000	3.900000
703.184000	-0.812871
703.212000	11.038614
703.241000	3.672277
703.269000	1.761386
703.297000	2.642574
703.325000	3.880198
703.353000	-6.812871
703.381000	-7.060396
703.409000	2.880198
703.437000	-4.832673
703.465000	0.909901
703.493000	-4.763366
703.522000	5.058416
703.550000	7.048515
703.578000	6.474257
703.606000	-5.090099
703.634000	-2.545545
703.662000	-3.991089
703.690000	-0.426733
703.718000	3.939604
703.746000	15.652475
703.774000	1.593069
703.802000	16.048515
703.830000	-0.565347
703.858000	0.553465
703.886000	-5.387129
703.914000	-6.496040
703.942000	9.900000
703.970000	-2.763366
703.998000	-2.030693
704.027000	13.187129
704.055000	8.424752
704.083000	0.820792
704.111000	-7.793069
704.139000	-0.476238
704.167000	-2.515842
704.195000	2.701980
704.223000	-3.109901
704.251000	-2.911881
704.279000	7.563366
704.307000	3.503960
704.335000	-8.644554
704.363000	3.296040
704.391000	-3.604950
704.419000	-3.208911
704.447000	-6.406931
704.475000	0.999010
704.503000	-5.179208
704.531000	9.751485
704.558000	5.454455
704.586000	4.206931
704.614000	0.008911
704.642000	3.375248
704.670000	-9.189109
704.698000	-2.100000
704.726000	3.701980
704.754000	-1.070297
704.782000	-0.406931
704.810000	-0.416832
704.838000	17.226733
704.866000	7.979208
704.894000	-8.971287
704.922000	-3.010891
704.950000	8.583168
704.978000	10.731683
705.006000	4.107921
705.034000	11.404950
705.061000	-4.852475
705.089000	0.147525
705.117000	-8.525743
705.145000	-2.268317
705.173000	0.404950
705.201000	3.197030
705.229000	8.404950
705.257000	2.999010
705.285000	7.177228
705.313000	7.098020
705.340000	0.850495
705.368000	-2.852475
705.396000	3.999010
705.424000	4.315842
705.452000	-3.387129
705.480000	3.375248
705.508000	-3.109901
705.536000	-1.614851
705.563000	-3.377228
705.591000	5.999010
705.619000	5.513861
705.647000	-4.931683
705.675000	2.711881
705.703000	6.395050
705.731000	0.028713
705.758000	6.088119
705.786000	3.810891
705.814000	17.632673
705.842000	5.652475
705.870000	13.008911
705.898000	11.909901
705.925000	-2.674257
705.953000	4.385149
705.981000	-6.337624
706.009000	-0.337624
706.037000	6.157426
706.065000	0.098020
706.092000	-7.278218
706.120000	1.959406
706.148000	-4.010891
706.176000	-1.426733
706.204000	8.474257
706.231000	3.325743
706.259000	-4.773267
706.287000	-2.892079
706.315000	3.424752
706.342000	-3.298020
706.370000	8.999010
706.398000	3.781188
706.426000	0.078218
706.454000	2.315842
706.481000	9.107921
706.509000	1.999010
706.537000	-3.604950
706.565000	-4.406931
706.592000	7.652475
706.620000	0.058416
706.648000	4.969307
706.676000	-8.347525
706.703000	2.315842
706.731000	-1.793069
706.759000	-5.684158
706.787000	3.909901
706.814000	0.860396
706.842000	-1.634653
706.870000	-1.981188
706.897000	1.414851
706.925000	-3.545545
706.953000	11.078218
706.981000	14.721782
707.008000	6.345545
707.036000	3.513861
707.064000	-1.456436
707.091000	-13.090099
707.119000	8.711881
707.147000	0.078218
707.174000	-6.357426
707.202000	8.523762
707.230000	-7.496040
707.258000	4.266337
707.285000	-9.307921
707.313000	-2.466337
707.341000	-7.159406
707.368000	-4.595050
707.396000	1.989109
707.424000	13.860396
707.451000	5.167327
707.479000	3.721782
707.507000	0.018812
707.534000	-3.921782
707.562000	1.662376
707.590000	-7.535644
707.617000	-7.812871
707.645000	-0.684158
707.672000	2.127723
707.700000	3.117822
707.728000	10.286139
707.755000	5.236634
707.783000	-1.129703
707.811000	2.711881
707.838000	-2.773267
707.866000	2.979208
707.893000	0.068317
707.921000	-4.248515
707.949000	-4.595050
707.976000	2.612871
708.004000	3.900000
708.031000	-2.446535
708.059000	-5.248515
708.087000	-0.040594
708.114000	-4.684158
708.142000	-4.397030
708.169000	-5.565347
708.197000	-9.733663
708.225000	-2.763366
708.252000	-7.505941
708.280000	4.909901
708.307000	-3.426733
708.335000	-0.248515
708.362000	-3.911881
708.390000	-8.951485
708.418000	-1.842574
708.445000	-7.090099
708.473000	-8.100000
708.500000	-5.525743
708.528000	6.711881
708.555000	-2.050495
708.583000	-0.357426
708.610000	-2.703960
708.638000	4.860396
708.665000	-6.842574
708.693000	-0.337624
708.720000	-7.050495
708.748000	-7.070297
708.776000	-0.159406
708.803000	13.979208
708.831000	8.642574
708.858000	10.890099
708.886000	0.523762
708.913000	0.523762
708.941000	-4.842574
708.968000	9.454455
708.996000	-2.802970
709.023000	23.503960
709.051000	-2.248515
709.078000	-5.634653
709.105000	1.929703
709.133000	-0.080198
709.160000	0.721782
709.188000	8.593069
709.215000	4.959406
709.243000	2.266337
709.270000	-7.694059
709.298000	-5.694059
709.325000	-5.109901
709.353000	-2.377228
709.380000	2.820792
709.408000	7.781188
709.435000	3.642574
709.462000	0.830693
709.490000	3.266337
709.517000	-2.604950
709.545000	-3.703960
709.572000	-2.337624
709.600000	-0.129703
709.627000	4.791089
709.655000	-3.268317
709.682000	-3.100000
709.709000	1.078218
709.737000	0.880198
709.764000	-4.703960
709.792000	9.494059
709.819000	2.820792
709.846000	-3.228713
709.874000	5.900000
709.901000	11.761386
709.929000	16.850495
709.956000	7.652475
709.983000	-6.723762
710.011000	-3.248515
710.038000	-3.486139
710.066000	5.573267
710.093000	10.751485
710.120000	3.850495
710.148000	-1.466337
710.175000	-7.377228
710.202000	-7.565347
710.230000	3.315842
710.257000	1.484158
710.284000	7.593069
710.312000	2.395050
710.339000	-0.010891
710.366000	0.197030
710.394000	-3.060396
710.421000	1.573267
710.448000	1.711881
710.476000	-10.208911
710.503000	2.800990
710.530000	11.959406
710.558000	15.969307
710.585000	9.900000
710.612000	-2.387129
710.640000	-1.050495
710.667000	-0.644554
710.694000	-5.585149
710.722000	-1.664356
710.749000	-0.763366
710.776000	2.781188
710.804000	16.276238
710.831000	2.434653
710.858000	-0.060396
710.885000	-1.783168
710.913000	-2.040594
710.940000	18.513861
710.967000	3.781188
710.995000	3.137624
711.022000	-0.901980
711.049000	3.018812
711.076000	-8.258416
711.104000	-0.248515
711.131000	-10.852475
711.158000	0.721782
711.185000	10.296040
711.213000	-9.406931
711.240000	-6.713861
711.267000	-3.604950
711.294000	-1.525743
711.322000	9.622772
711.349000	-3.357426
711.376000	-2.862376
711.403000	5.939604
711.431000	-5.010891
711.458000	-1.476238
711.485000	-3.535644
711.512000	3.850495
711.540000	-0.872277
711.567000	1.652475
711.594000	-2.773267
711.621000	-2.159406
711.648000	1.593069
711.676000	4.513861
711.703000	1.028713
711.730000	-12.436634
711.757000	2.414851
711.784000	-0.664356
711.812000	1.662376
711.839000	-0.119802
711.866000	-6.258416
711.893000	-8.981188
711.920000	5.286139
711.947000	2.563366
711.975000	8.533663
712.002000	-2.357426
712.029000	8.454455
712.056000	4.088119
712.083000	7.404950
712.110000	-10.535644
712.138000	4.583168
712.165000	6.256436
712.192000	1.959406
712.219000	-3.921782
712.246000	-6.773267
712.273000	-5.515842
712.300000	-6.961386
712.328000	1.573267
712.355000	1.781188
712.382000	-6.129703
712.409000	10.563366
712.436000	-8.387129
712.463000	8.464356
712.490000	10.236634
712.517000	2.711881
712.544000	-1.377228
712.572000	2.682178
712.599000	-6.050495
712.626000	4.632673
712.653000	-3.327723
712.680000	-8.179208
712.707000	7.583168
712.734000	6.959406
712.761000	1.434653
712.788000	4.206931
712.815000	2.672277
712.842000	11.692079
712.870000	-0.634653
712.897000	-8.119802
712.924000	-11.159406
712.951000	3.939604
712.978000	10.414851
713.005000	12.286139
713.032000	10.850495
713.059000	-1.555446
713.086000	-2.486139
713.113000	-8.664356
713.140000	-9.060396
713.167000	4.147525
713.194000	8.107921
713.221000	-2.931683
713.248000	6.741584
713.275000	-3.258416
713.302000	-6.604950
713.329000	4.256436
713.356000	6.781188
713.383000	4.701980
713.410000	8.365347
713.437000	-8.268317
713.464000	0.711881
713.491000	9.999010
713.518000	2.236634
713.545000	-3.189109
713.572000	-0.525743
713.599000	12.652475
713.626000	0.692079
713.653000	8.117822
713.680000	-4.862376
713.707000	-1.951485
713.734000	3.503960
713.761000	-2.802970
713.788000	-1.505941
713.815000	8.404950
713.842000	-1.743564
713.869000	-1.486139
713.896000	-0.129703
713.923000	-0.575248
713.950000	-0.892079
713.977000	-3.882178
714.004000	-1.713861
714.031000	-4.604950
714.058000	-3.654455
714.085000	-0.694059
714.112000	12.602970
714.139000	0.820792
714.165000	-2.258416
714.192000	-3.515842
714.219000	5.791089
714.246000	4.276238
714.273000	0.919802
714.300000	-1.100000
714.327000	2.969307
714.354000	7.117822
714.381000	-1.505941
714.408000	0.385149
714.435000	-1.199010
714.461000	-0.030693
714.488000	7.880198
714.515000	-2.921782
714.542000	-6.624752
714.569000	-7.357426
714.596000	-10.090099
714.623000	-3.020792
714.650000	-7.040594
714.677000	1.088119
714.703000	0.969307
714.730000	3.890099
714.757000	4.741584
714.784000	5.256436
714.811000	-6.416832
714.838000	1.602970
714.865000	-3.307921
714.891000	9.434653
714.918000	0.781188
714.945000	-6.892079
714.972000	-2.258416
714.999000	8.206931
715.026000	-4.446535
715.052000	11.365347
715.079000	-0.000990
715.106000	2.563366
715.133000	3.246535
715.160000	-4.109901
715.187000	5.890099
715.213000	6.375248
715.240000	-5.228713
715.267000	-1.100000
715.294000	-0.852475
715.321000	-3.248515
715.347000	-1.565347
715.374000	-6.436634
715.401000	-1.961386
715.428000	-1.288119
715.455000	2.117822
715.481000	-6.604950
715.508000	9.335644
715.535000	-2.901980
715.562000	17.900000
715.588000	2.979208
715.615000	-1.852475
715.642000	-0.723762
715.669000	7.385149
715.695000	-6.406931
715.722000	-4.080198
715.749000	4.900000
715.776000	9.909901
715.802000	2.008911
715.829000	2.355446
715.856000	-9.406931
715.883000	8.890099
715.909000	-4.991089
715.936000	-0.822772
715.963000	1.365347
715.990000	-7.812871
716.016000	2.642574
716.043000	2.187129
716.070000	-5.080198
716.096000	-9.416832
716.123000	-1.189109
716.150000	2.296040
716.177000	3.395050
716.203000	8.800990
716.230000	8.513861
716.257000	5.315842
716.283000	12.137624
716.310000	2.612871
716.337000	2.860396
716.363000	-1.525743
716.390000	2.929703
716.417000	10.078218
716.443000	0.662376
716.470000	11.573267
716.497000	11.058416
716.523000	11.226733
716.550000	7.028713
716.577000	11.563366
716.603000	-0.387129
716.630000	3.781188
716.657000	11.810891
716.683000	-5.129703
716.710000	-2.634653
716.737000	-0.951485
716.763000	4.177228
716.790000	4.612871
716.817000	10.503960
716.843000	5.444554
716.870000	-2.436634
716.897000	1.137624
716.923000	15.127723
716.950000	-1.307921
716.976000	-5.802970
717.003000	-2.149505
717.030000	4.939604
717.056000	5.256436
717.083000	0.860396
717.109000	6.038614
717.136000	8.533663
717.163000	-2.901980
717.189000	4.147525
717.216000	-0.367327
717.242000	-1.763366
717.269000	1.563366
717.296000	5.919802
717.322000	8.226733
717.349000	10.454455
717.375000	7.810891
717.402000	-2.377228
717.428000	1.305941
717.455000	8.236634
717.481000	3.395050
717.508000	9.048515
717.535000	6.008911
717.561000	1.622772
717.588000	-3.981188
717.614000	-1.109901
717.641000	1.593069
717.667000	3.810891
717.694000	5.088119
717.720000	0.622772
717.747000	3.147525
717.773000	-5.555446
717.800000	5.969307
717.826000	4.157426
717.853000	3.424752
717.880000	9.999010
717.906000	4.098020
717.933000	7.018812
717.959000	4.296040
717.986000	5.137624
718.012000	-1.684158
718.039000	10.206931
718.065000	10.682178
718.092000	7.246535
718.118000	-5.713861
718.144000	-3.337624
718.171000	14.513861
718.197000	18.652475
718.224000	1.741584
718.250000	3.246535
718.277000	6.543564
718.303000	4.494059
718.330000	1.177228
718.356000	-6.020792
718.383000	-9.357426
718.409000	-0.901980
718.436000	-0.129703
718.462000	-1.545545
718.489000	-4.961386
718.515000	10.266337
718.541000	13.286139
718.568000	6.177228
718.594000	4.385149
718.621000	5.197030
718.647000	0.583168
718.674000	10.711881
718.700000	10.088119
718.726000	-1.347525
718.753000	3.345545
718.779000	7.840594
718.806000	-0.595050
718.832000	-2.575248
718.858000	1.761386
718.885000	-2.337624
718.911000	1.256436
718.938000	7.850495
718.964000	-7.654455
718.990000	3.048515
719.017000	3.197030
719.043000	6.236634
719.070000	12.969307
719.096000	-6.050495
719.122000	8.820792
719.149000	3.246535
719.175000	4.216832
719.201000	2.583168
719.228000	-0.070297
719.254000	1.345545
719.281000	-5.634653
719.307000	-2.664356
719.333000	-1.139604
719.360000	11.266337
719.386000	0.523762
719.412000	3.375248
719.439000	-8.743564
719.465000	-1.040594
719.491000	-5.783168
719.518000	6.414851
719.544000	3.038614
719.570000	7.999010
719.597000	4.979208
719.623000	-3.218812
719.649000	3.969307
719.675000	0.127723
719.702000	2.999010
719.728000	11.771287
719.754000	-5.555446
719.781000	-2.090099
719.807000	-0.000990
719.833000	-1.644554
719.860000	0.434653
719.886000	0.008911
719.912000	2.870297
719.938000	-1.951485
719.965000	1.979208
719.991000	8.157426
720.017000	2.256436
720.044000	-4.416832
720.070000	3.632673
720.096000	8.612871
720.122000	1.652475
720.149000	8.018812
720.175000	20.424752
720.201000	5.137624
720.227000	1.216832
720.254000	2.731683
720.280000	2.355446
720.306000	-3.753465
720.332000	4.216832
720.359000	4.622772
720.385000	7.177228
720.411000	3.642574
720.437000	6.117822
720.463000	0.147525
720.490000	10.048515
720.516000	-3.397030
720.542000	-7.060396
720.568000	1.038614
720.595000	9.900000
720.621000	2.345545
720.647000	4.761386
720.673000	9.048515
720.699000	-2.377228
720.725000	3.761386
720.752000	6.840594
720.778000	8.593069
720.804000	8.771287
720.830000	9.375248
720.856000	-0.456436
720.883000	-7.901980
720.909000	0.642574
720.935000	6.494059
720.961000	12.325743
720.987000	4.444554
721.013000	5.058416
721.040000	-2.337624
721.066000	-2.466337
721.092000	-1.496040
721.118000	7.513861
721.144000	2.781188
721.170000	-1.545545
721.196000	0.929703
721.223000	-5.595050
721.249000	0.088119
721.275000	15.286139
721.301000	2.860396
721.327000	10.711881
721.353000	7.563366
721.379000	2.573267
721.405000	7.959406
721.432000	12.296040
721.458000	-0.327723
721.484000	7.117822
721.510000	-9.842574
721.536000	3.018812
721.562000	2.296040
721.588000	1.870297
721.614000	-3.278218
721.640000	-2.119802
721.666000	-0.832673
721.693000	-2.050495
721.719000	-2.228713
721.745000	-5.525743
721.771000	-3.258416
721.797000	0.652475
721.823000	2.731683
721.849000	13.335644
721.875000	6.642574
721.901000	5.751485
721.927000	0.731683
721.953000	3.147525
721.979000	14.187129
722.005000	10.414851
722.031000	-3.278218
722.057000	4.830693
722.083000	3.800990
722.109000	7.117822
722.135000	9.622772
722.161000	8.652475
722.187000	-1.862376
722.214000	-2.931683
722.240000	-0.377228
722.266000	-5.753465
722.292000	6.979208
722.318000	11.335644
722.344000	3.177228
722.370000	5.929703
722.396000	8.513861
722.422000	0.543564
722.448000	0.830693
722.474000	-8.436634
722.500000	8.424752
722.526000	4.474257
722.552000	2.147525
722.578000	1.117822
722.603000	8.315842
722.629000	-3.951485
722.655000	2.395050
722.681000	-3.416832
722.707000	0.632673
722.733000	-2.317822
722.759000	-4.832673
722.785000	-0.100000
722.811000	0.286139
722.837000	0.929703
722.863000	7.711881
722.889000	9.533663
722.915000	-0.624752
722.941000	-1.278218
722.967000	1.781188
722.993000	8.909901
723.019000	3.949505
723.045000	6.395050
723.071000	3.454455
723.097000	3.474257
723.122000	3.484158
723.148000	-5.595050
723.174000	-1.694059
723.200000	5.503960
723.226000	-0.911881
723.252000	3.543564
723.278000	-3.436634
723.304000	-3.238614
723.330000	2.860396
723.356000	-5.248515
723.381000	-8.278218
723.407000	-9.515842
723.433000	7.296040
723.459000	-3.238614
723.485000	-1.337624
723.511000	7.414851
723.537000	-2.119802
723.563000	0.147525
723.588000	1.949505
723.614000	8.395050
723.640000	1.692079
723.666000	1.088119
723.692000	7.820792
723.718000	2.127723
723.744000	2.286139
723.769000	-2.486139
723.795000	-4.733663
723.821000	3.503960
723.847000	-3.060396
723.873000	2.583168
723.899000	3.810891
723.924000	-1.892079
723.950000	1.870297
723.976000	-7.723762
724.002000	3.177228
724.028000	5.058416
724.053000	-2.456436
724.079000	-2.218812
724.105000	0.068317
724.131000	-2.426733
724.157000	-0.258416
724.182000	5.642574
724.208000	0.187129
724.234000	1.107921
724.260000	-2.060396
724.286000	8.860396
724.311000	1.127723
724.337000	-6.010891
724.363000	-5.486139
724.389000	5.781188
724.415000	-0.555446
724.440000	16.395050
724.466000	0.850495
724.492000	0.078218
724.518000	5.840594
724.543000	0.048515
724.569000	3.325743
724.595000	5.286139
724.621000	-2.129703
724.646000	-5.248515
724.672000	-3.327723
724.698000	-3.119802
724.723000	-2.050495
724.749000	2.048515
724.775000	9.484158
724.801000	3.909901
724.826000	-4.723762
724.852000	-2.248515
724.878000	-4.327723
724.904000	-12.515842
724.929000	3.117822
724.955000	-9.406931
724.981000	0.543564
725.006000	0.038614
725.032000	1.810891
725.058000	9.999010
725.083000	-3.119802
725.109000	-3.773267
725.135000	1.236634
725.161000	4.256436
725.186000	-0.505941
725.212000	-1.634653
725.238000	7.127723
725.263000	-0.050495
725.289000	-9.298020
725.315000	-8.961386
725.340000	-2.921782
725.366000	5.781188
725.392000	-3.535644
725.417000	-2.674257
725.443000	-0.129703
725.468000	8.256436
725.494000	13.919802
725.520000	16.711881
725.545000	4.157426
725.571000	2.434653
725.597000	2.503960
725.622000	5.008911
725.648000	1.038614
725.674000	9.107921
725.699000	4.157426
725.725000	1.048515
725.750000	21.949505
725.776000	-1.921782
725.802000	3.197030
725.827000	4.840594
725.853000	1.395050
725.878000	2.890099
725.904000	-2.129703
725.930000	1.474257
725.955000	-8.832673
725.981000	-5.664356
726.006000	-2.446535
726.032000	9.315842
726.057000	-2.505941
726.083000	-4.595050
726.109000	0.503960
726.134000	2.365347
726.160000	0.810891
726.185000	-2.555446
726.211000	-5.595050
726.236000	5.602970
726.262000	2.167327
726.288000	5.216832
726.313000	9.909901
726.339000	6.474257
726.364000	2.850495
726.390000	9.731683
726.415000	-0.733663
726.441000	-3.159406
726.466000	-4.961386
726.492000	1.939604
726.517000	5.523762
726.543000	-0.436634
726.568000	-8.347525
726.594000	-1.595050
726.619000	3.137624
726.645000	5.414851
726.670000	4.395050
726.696000	5.672277
726.721000	-3.832673
726.747000	-9.456436
726.772000	-0.090099
726.798000	-0.060396
726.823000	6.612871
726.849000	-0.753465
726.874000	5.761386
726.900000	20.583168
726.925000	9.137624
726.951000	0.266337
726.976000	8.385149
727.002000	-1.634653
727.027000	4.721782
727.053000	10.266337
727.078000	-1.753465
727.104000	1.563366
727.129000	-11.862376
727.155000	-2.535644
727.180000	6.345545
727.205000	2.058416
727.231000	-3.713861
727.256000	1.038614
727.282000	3.256436
727.307000	10.048515
727.333000	-0.525743
727.358000	-6.456436
727.383000	-9.080198
727.409000	-7.208911
727.434000	6.325743
727.460000	-1.971287
727.485000	-2.565347
727.511000	3.731683
727.536000	-11.892079
727.561000	-5.218812
727.587000	-3.832673
727.612000	-4.684158
727.637000	-1.644554
727.663000	-6.961386
727.688000	12.662376
727.714000	-3.515842
727.739000	-6.238614
727.764000	-4.189109
727.790000	3.276238
727.815000	4.523762
727.841000	9.018812
727.866000	5.147525
727.891000	2.771287
727.917000	-9.624752
727.942000	-8.961386
727.967000	-3.852475
727.993000	-12.525743
728.018000	-1.961386
728.043000	0.999010
728.069000	6.315842
728.094000	10.137624
728.119000	-1.199010
728.145000	12.523762
728.170000	4.464356
728.195000	3.414851
728.221000	11.088119
728.246000	-1.941584
728.271000	-9.961386
728.297000	0.385149
728.322000	3.206931
728.347000	3.216832
728.373000	3.147525
728.398000	5.999010
728.423000	-2.525743
728.448000	2.533663
728.474000	0.800990
728.499000	7.335644
728.524000	-5.783168
728.550000	-6.921782
728.575000	-2.436634
728.600000	2.305941
728.625000	-2.911881
728.651000	4.068317
728.676000	-0.694059
728.701000	-2.010891
728.727000	1.444554
728.752000	-5.397030
728.777000	-2.991089
728.802000	0.642574
728.828000	2.830693
728.853000	-0.100000
728.878000	-1.901980
728.903000	-5.258416
728.929000	-8.466337
728.954000	-5.298020
728.979000	6.107921
729.004000	-3.486139
729.030000	-6.436634
729.055000	5.840594
729.080000	-9.020792
729.105000	-5.951485
729.130000	11.791089
729.156000	6.741584
729.181000	-0.109901
729.206000	-14.575248
729.231000	-5.793069
729.256000	6.246535
729.282000	3.593069
729.307000	-10.258416
729.332000	-6.347525
729.357000	-5.545545
729.382000	-3.060396
729.408000	-0.882178
729.433000	1.830693
729.458000	2.216832
729.483000	8.296040
729.508000	14.177228
729.533000	5.206931
729.559000	2.147525
729.584000	-8.713861
729.609000	5.236634
729.634000	6.098020
729.659000	-4.535644
729.684000	-8.921782
729.710000	12.771287
729.735000	1.850495
729.760000	-1.525743
729.785000	-0.674257
729.810000	7.672277
729.835000	-4.773267
729.860000	-6.654455
729.886000	7.147525
729.911000	3.226733
729.936000	-3.723762
729.961000	5.503960
729.986000	-9.793069
730.011000	-0.040594
730.036000	1.800990
730.061000	1.919802
730.086000	3.038614
730.112000	2.315842
730.137000	15.404950
730.162000	2.256436
730.187000	-7.684158
730.212000	6.048515
730.237000	-5.505941
730.262000	-0.307921
730.287000	-1.842574
730.312000	13.751485
730.337000	-4.377228
730.362000	14.088119
730.387000	1.117822
730.413000	-7.882178
730.438000	-5.763366
730.463000	0.197030
730.488000	-4.961386
730.513000	-1.050495
730.538000	-3.288119
730.563000	13.840594
730.588000	8.414851
730.613000	11.157426
730.638000	-1.149505
730.663000	-1.684158
730.688000	16.850495
730.713000	5.127723
730.738000	0.860396
730.763000	0.523762
730.788000	-10.050495
730.813000	5.157426
730.838000	-1.931683
730.863000	0.216832
730.888000	-3.535644
730.913000	-9.753465
730.938000	-13.020792
730.963000	-1.575248
730.988000	2.602970
731.013000	14.543564
731.038000	-3.604950
731.063000	-6.307921
731.088000	4.365347
731.113000	-4.911881
731.138000	-3.901980
731.163000	-3.179208
731.188000	-5.961386
731.213000	1.830693
731.238000	8.721782
731.263000	-3.139604
731.288000	-4.109901
731.313000	3.959406
731.338000	0.068317
731.363000	-0.179208
731.388000	0.296040
731.413000	-0.070297
731.438000	10.117822
731.463000	5.909901
731.487000	6.533663
731.512000	-3.139604
731.537000	-4.426733
731.562000	-1.199010
731.587000	4.563366
731.612000	-4.832673
731.637000	-3.862376
731.662000	0.038614
731.687000	-2.961386
731.712000	-12.416832
731.737000	2.999010
731.762000	-0.397030
731.786000	3.989109
731.811000	5.206931
731.836000	2.157426
731.861000	-0.802970
731.886000	-6.476238
731.911000	5.197030
731.936000	9.583168
731.961000	-1.565347
731.986000	-4.505941
732.010000	2.444554
732.035000	3.177228
732.060000	12.107921
732.085000	-0.218812
732.110000	1.434653
732.135000	-10.100000
732.160000	0.543564
732.184000	0.424752
732.209000	-0.000990
732.234000	6.226733
732.259000	-3.703960
732.284000	10.939604
732.309000	-3.753465
732.334000	-4.921782
732.358000	-14.505941
732.383000	-11.961386
732.408000	-4.872277
732.433000	2.286139
732.458000	-0.327723
732.482000	3.266337
732.507000	-1.307921
732.532000	3.107921
732.557000	9.632673
732.582000	6.325743
732.607000	-2.060396
732.631000	-10.278218
732.656000	-5.159406
732.681000	-0.525743
732.706000	1.256436
732.730000	1.662376
732.755000	-4.397030
732.780000	-0.060396
732.805000	4.999010
732.830000	-1.783168
732.854000	1.355446
732.879000	9.731683
732.904000	-2.852475
732.929000	-2.931683
732.953000	5.018812
732.978000	0.632673
733.003000	-4.515842
733.028000	-4.446535
733.052000	4.989109
733.077000	2.048515
733.102000	9.048515
733.127000	-2.436634
733.151000	-1.268317
733.176000	6.652475
733.201000	-2.604950
733.226000	-4.575248
733.250000	1.513861
733.275000	-0.258416
733.300000	2.781188
733.324000	12.692079
733.349000	5.315842
733.374000	11.979208
733.399000	0.098020
733.423000	-0.793069
733.448000	-3.634653
733.473000	-1.763366
733.497000	-2.674257
733.522000	-6.575248
733.547000	10.117822
733.571000	13.781188
733.596000	2.890099
733.621000	7.593069
733.646000	-0.248515
733.670000	5.553465
733.695000	-4.298020
733.720000	5.058416
733.744000	8.216832
733.769000	5.187129
733.794000	13.256436
733.818000	3.563366
733.843000	-3.228713
733.867000	-8.139604
733.892000	-3.208911
733.917000	-1.505941
733.941000	1.840594
733.966000	-4.872277
733.991000	-3.555446
734.015000	12.018812
734.040000	3.197030
734.065000	8.068317
734.089000	13.543564
734.114000	-0.812871
734.138000	5.553465
734.163000	-2.109901
734.188000	4.078218
734.212000	8.563366
734.237000	6.880198
734.261000	2.474257
734.286000	-2.179208
734.311000	-2.050495
734.335000	0.602970
734.360000	-1.872277
734.384000	2.979208
734.409000	4.652475
734.434000	-5.169307
734.458000	4.434653
734.483000	-2.040594
734.507000	-8.535644
734.532000	-2.456436
734.556000	1.692079
734.581000	-2.268317
734.606000	-0.327723
734.630000	-7.179208
734.655000	2.375248
734.679000	1.761386
734.704000	-0.961386
734.728000	0.038614
734.753000	-2.446535
734.777000	3.395050
734.802000	-0.723762
734.826000	4.444554
734.851000	2.414851
734.876000	11.870297
734.900000	7.444554
734.925000	9.325743
734.949000	4.177228
734.974000	0.197030
734.998000	8.325743
735.023000	-6.664356
735.047000	-10.852475
735.072000	12.880198
735.096000	0.890099
735.121000	2.048515
735.145000	-1.159406
735.170000	-0.169307
735.194000	7.028713
735.219000	-0.446535
735.243000	2.107921
735.268000	6.375248
735.292000	5.721782
735.317000	2.741584
735.341000	4.266337
735.365000	-10.228713
735.390000	8.395050
735.414000	6.078218
735.439000	3.949505
735.463000	1.573267
735.488000	5.305941
735.512000	2.612871
735.537000	0.494059
735.561000	0.454455
735.586000	0.840594
735.610000	5.553465
735.634000	-4.713861
735.659000	3.484158
735.683000	16.573267
735.708000	-1.812871
735.732000	-3.931683
735.757000	-3.010891
735.781000	4.266337
735.805000	4.840594
735.830000	-7.486139
735.854000	-4.466337
735.879000	-1.852475
735.903000	9.830693
735.927000	4.741584
735.952000	4.731683
735.976000	-1.713861
736.001000	-0.812871
736.025000	-0.951485
736.049000	3.474257
736.074000	0.078218
736.098000	1.127723
736.123000	3.959406
736.147000	-0.664356
736.171000	2.385149
736.196000	6.989109
736.220000	-6.109901
736.244000	3.593069
736.269000	1.048515
736.293000	-0.941584
736.317000	1.820792
736.342000	5.761386
736.366000	13.474257
736.390000	11.672277
736.415000	4.038614
736.439000	2.325743
736.463000	9.583168
736.488000	7.335644
736.512000	3.701980
736.536000	6.296040
736.561000	18.830693
736.585000	-0.238614
736.609000	7.098020
736.634000	-5.387129
736.658000	0.464356
736.682000	-8.753465
736.707000	-9.852475
736.731000	-7.862376
736.755000	0.246535
736.780000	12.781188
736.804000	12.999010
736.828000	7.068317
736.852000	-1.406931
736.877000	0.919802
736.901000	5.979208
736.925000	3.088119
736.949000	6.048515
736.974000	-1.783168
736.998000	-7.139604
737.022000	2.850495
737.047000	-3.832673
737.071000	-0.901980
737.095000	13.464356
737.119000	21.226733
737.144000	8.543564
737.168000	-2.139604
737.192000	-3.248515
737.216000	6.197030
737.241000	-2.753465
737.265000	2.692079
737.289000	-1.654455
737.313000	-2.684158
737.337000	6.810891
737.362000	5.058416
737.386000	-1.298020
737.410000	-5.238614
737.434000	4.355446
737.459000	3.048515
737.483000	10.008911
737.507000	10.018812
737.531000	11.325743
737.555000	3.860396
737.580000	7.642574
737.604000	2.999010
737.628000	-10.535644
737.652000	-5.248515
737.676000	-1.931683
737.701000	4.256436
737.725000	3.444554
737.749000	8.860396
737.773000	1.038614
737.797000	-5.090099
737.821000	2.642574
737.846000	1.325743
737.870000	22.701980
737.894000	2.692079
737.918000	-0.882178
737.942000	-1.862376
737.966000	11.137624
737.990000	9.523762
738.015000	5.177228
738.039000	5.038614
738.063000	-1.822772
738.087000	11.098020
738.111000	1.404950
738.135000	12.870297
738.159000	1.177228
738.184000	1.949505
738.208000	5.098020
738.232000	4.335644
738.256000	14.563366
738.280000	9.523762
738.304000	10.800990
738.328000	-2.753465
738.352000	4.484158
738.376000	-0.109901
738.400000	4.999010
738.425000	6.682178
738.449000	-2.961386
738.473000	11.642574
738.497000	4.385149
738.521000	2.969307
738.545000	5.513861
738.569000	6.701980
738.593000	13.395050
738.617000	7.444554
738.641000	2.612871
738.665000	3.197030
738.689000	8.058416
738.713000	0.088119
738.737000	5.761386
738.762000	16.256436
738.786000	6.315842
738.810000	-9.080198
738.834000	10.761386
738.858000	-3.050495
738.882000	5.157426
738.906000	-3.327723
738.930000	5.454455
738.954000	4.048515
738.978000	7.216832
739.002000	-2.664356
739.026000	11.028713
739.050000	6.919802
739.074000	-2.763366
739.098000	21.434653
739.122000	13.662376
739.146000	6.553465
739.170000	11.098020
739.194000	8.543564
739.218000	-3.446535
739.242000	-1.169307
739.266000	-1.961386
739.290000	8.365347
739.314000	7.999010
739.338000	2.800990
739.362000	2.226733
739.386000	4.513861
739.410000	-3.208911
739.434000	-3.624752
739.458000	13.266337
739.482000	7.454455
739.506000	7.612871
739.530000	-1.476238
739.554000	10.414851
739.577000	-0.684158
739.601000	7.375248
739.625000	-4.258416
739.649000	0.216832
739.673000	-4.100000
739.697000	8.187129
739.721000	0.335644
739.745000	8.741584
739.769000	9.959406
739.793000	8.563366
739.817000	9.781188
739.841000	-4.248515
739.865000	1.523762
739.889000	-8.406931
739.912000	7.216832
739.936000	-2.644554
739.960000	0.068317
739.984000	13.622772
740.008000	2.979208
740.032000	-3.822772
740.056000	1.583168
740.080000	1.513861
740.104000	-2.446535
740.127000	7.900000
740.151000	8.652475
740.175000	11.810891
740.199000	10.197030
740.223000	47.296040
740.247000	10.117822
740.271000	3.979208
740.295000	-2.357426
740.318000	-11.228713
740.342000	-4.258416
740.366000	2.929703
740.390000	8.365347
740.414000	-0.357426
740.438000	-3.347525
740.461000	14.355446
740.485000	6.325743
740.509000	-4.515842
740.533000	6.622772
740.557000	-3.565347
740.581000	-1.634653
740.604000	-10.753465
740.628000	-1.476238
740.652000	8.761386
740.676000	-0.258416
740.700000	10.048515
740.723000	-0.971287
740.747000	-4.100000
740.771000	-0.515842
740.795000	-5.238614
740.819000	9.078218
740.842000	4.345545
740.866000	9.068317
740.890000	4.127723
740.914000	-2.258416
740.938000	-7.347525
740.961000	10.266337
740.985000	5.523762
741.009000	-1.218812
741.033000	7.672277
741.056000	5.236634
741.080000	-1.377228
741.104000	-4.991089
741.128000	-1.030693
741.151000	9.266337
741.175000	5.256436
741.199000	4.791089
741.223000	9.206931
741.246000	-4.347525
741.270000	5.810891
741.294000	6.177228
741.318000	-3.812871
741.341000	-1.743564
741.365000	2.830693
741.389000	4.018812
741.413000	10.137624
741.436000	13.434653
741.460000	7.474257
741.484000	13.345545
741.507000	4.840594
741.531000	21.098020
741.555000	12.909901
741.579000	5.107921
741.602000	6.870297
741.626000	10.117822
741.650000	2.088119
741.673000	4.751485
741.697000	8.553465
741.721000	4.563366
741.744000	-11.545545
741.768000	-3.486139
741.792000	2.088119
741.815000	-0.753465
741.839000	13.315842
741.863000	15.909901
741.886000	12.216832
741.910000	11.533663
741.934000	4.187129
741.957000	-10.258416
741.981000	11.068317
742.005000	1.830693
742.028000	-5.802970
742.052000	-4.832673
742.075000	6.494059
742.099000	12.830693
742.123000	1.682178
742.146000	2.395050
742.170000	3.959406
742.194000	-8.644554
742.217000	-4.486139
742.241000	-1.129703
742.264000	-0.426733
742.288000	16.355446
742.312000	7.711881
742.335000	0.979208
742.359000	4.177228
742.382000	11.206931
742.406000	13.731683
742.430000	-4.911881
742.453000	3.800990
742.477000	-5.802970
742.500000	9.385149
742.524000	-2.149505
742.548000	-4.199010
742.571000	0.860396
742.595000	-1.684158
742.618000	-4.773267
742.642000	-3.496040
742.665000	10.870297
742.689000	-4.090099
742.712000	7.434653
742.736000	0.949505
742.760000	2.414851
742.783000	0.800990
742.807000	8.078218
742.830000	10.939604
742.854000	-6.139604
742.877000	-0.545545
742.901000	1.206931
742.924000	-3.951485
742.948000	4.335644
742.971000	6.335644
742.995000	3.018812
743.018000	-8.199010
743.042000	-4.000990
743.065000	-1.476238
743.089000	-3.773267
743.112000	3.266337
743.136000	-4.367327
743.159000	-3.397030
743.183000	-2.911881
743.206000	5.543564
743.230000	-1.268317
743.253000	6.434653
743.277000	7.939604
743.300000	-3.367327
743.324000	-0.387129
743.347000	-3.228713
743.371000	14.008911
743.394000	9.820792
743.418000	17.682178
743.441000	9.236634
743.465000	4.929703
743.488000	5.553465
743.512000	-5.486139
743.535000	0.909901
743.558000	-0.119802
743.582000	4.088119
743.605000	4.008911
743.629000	8.909901
743.652000	7.315842
743.676000	1.771287
743.699000	9.098020
743.723000	8.870297
743.746000	9.355446
743.769000	0.642574
743.793000	5.454455
743.816000	-0.921782
743.840000	12.989109
743.863000	0.880198
743.886000	6.266337
743.910000	12.058416
743.933000	7.563366
743.957000	7.315842
743.980000	0.147525
744.003000	4.098020
744.027000	3.533663
744.050000	0.048515
744.074000	3.256436
744.097000	-10.773267
744.120000	-1.377228
744.144000	-5.307921
744.167000	8.395050
744.190000	0.375248
744.214000	-0.218812
744.237000	-5.575248
744.260000	14.474257
744.284000	-0.298020
744.307000	-7.288119
744.331000	2.959406
744.354000	-4.426733
744.377000	-3.307921
744.401000	0.008911
744.424000	-0.377228
744.447000	-8.604950
744.471000	-6.486139
