245.660000	-102.850693
245.797000	-102.850693
245.934000	-102.850693
246.071000	-78.989307
246.208000	8.624554
246.344000	3.357228
246.481000	-9.286337
246.618000	-8.870495
246.755000	13.297822
246.892000	-2.781386
247.029000	-8.751683
247.165000	-13.682376
247.302000	10.307723
247.439000	2.644356
247.576000	9.357228
247.713000	-8.761584
247.849000	23.169109
247.986000	-9.999208
248.123000	4.040396
248.260000	-4.038812
248.396000	12.040396
248.533000	2.693861
248.670000	-4.969505
248.806000	5.000792
248.943000	-10.731881
249.080000	-1.543762
249.216000	12.565149
249.353000	-11.434851
249.490000	-3.226931
249.626000	3.000792
249.763000	-0.236832
249.900000	-8.434851
250.036000	-0.157624
250.173000	6.268119
250.309000	4.198812
250.446000	5.852277
250.582000	-0.256634
250.719000	-8.226931
250.856000	-4.345743
250.992000	-4.900198
251.129000	-1.622970
251.265000	-9.870495
251.402000	1.218614
251.538000	-1.731881
251.675000	-2.167525
251.811000	13.911683
251.948000	17.347327
252.084000	6.297822
252.221000	0.000792
252.357000	-5.375446
252.493000	23.515644
252.630000	2.466139
252.766000	16.584950
252.903000	1.743366
253.039000	-1.573465
253.175000	0.000792
253.312000	7.703762
253.448000	-6.642772
253.585000	-17.306139
253.721000	6.109703
253.857000	-3.979406
253.994000	7.951287
254.130000	2.386931
254.266000	3.297822
254.403000	2.634455
254.539000	5.000792
254.675000	10.228515
254.811000	6.763168
254.948000	3.644356
255.084000	-3.256634
255.220000	-9.603168
255.356000	-0.771485
255.493000	7.951287
255.629000	3.802772
255.765000	5.406733
255.901000	11.604752
256.037000	7.525545
256.174000	7.763168
256.310000	-5.880396
256.446000	-4.593267
256.582000	0.287921
256.718000	11.317624
256.854000	18.377030
256.991000	10.604752
257.127000	17.080000
257.263000	2.109703
257.399000	7.010693
257.535000	-6.177426
257.671000	-4.959604
257.807000	-9.504158
257.943000	-11.286337
258.079000	-12.038812
258.215000	-2.920000
258.351000	15.060198
258.487000	3.634455
258.623000	20.446337
258.759000	0.485941
258.895000	-0.603168
259.031000	-1.801188
259.167000	-10.286337
259.303000	17.010693
259.439000	0.119604
259.575000	-2.098218
259.711000	-1.662574
259.847000	-5.157624
259.983000	7.980990
260.119000	-2.850693
260.255000	-4.622970
260.391000	8.891881
260.527000	9.218614
260.663000	14.693861
260.799000	9.792871
260.934000	-1.345743
261.070000	-3.375446
261.206000	-12.127921
261.342000	-13.078416
261.478000	15.674059
261.614000	10.594851
261.749000	3.258218
261.885000	-2.563564
262.021000	1.713663
262.157000	16.941386
262.293000	0.000792
262.428000	-2.771485
262.564000	0.802772
262.700000	7.980990
262.836000	-1.306139
262.971000	14.555248
263.107000	8.723564
263.243000	17.099802
263.378000	2.644356
263.514000	-14.731881
263.650000	0.535446
263.785000	-11.771485
263.921000	-3.741782
264.057000	1.634455
264.192000	8.773069
264.328000	16.713663
264.464000	-6.870495
264.599000	8.060198
264.735000	18.238416
264.871000	-5.850693
265.006000	6.129505
265.142000	1.753267
265.277000	3.990891
265.413000	14.832475
265.548000	14.030495
265.684000	17.080000
265.819000	2.525545
265.955000	-11.217030
266.091000	-11.316040
266.226000	-8.365545
266.362000	3.000792
266.497000	8.466139
266.633000	-0.355644
266.768000	-2.721980
266.903000	12.674059
267.039000	12.208713
267.174000	19.119604
267.310000	-2.127921
267.445000	-4.177426
267.581000	-2.652673
267.716000	13.000792
267.851000	10.129505
267.987000	11.505743
268.122000	18.406733
268.258000	-3.811089
268.393000	-5.563564
268.528000	10.099802
268.664000	-5.801188
268.799000	-10.979406
268.934000	3.367129
269.070000	-4.563564
269.205000	4.258218
269.340000	18.763168
269.476000	2.258218
269.611000	-11.078416
269.746000	16.248317
269.881000	6.010693
270.017000	15.040396
270.152000	4.980990
270.287000	6.822574
270.422000	12.852277
270.558000	-4.474455
270.693000	9.624554
270.828000	-2.613069
270.963000	-6.068515
271.098000	-6.375446
271.234000	-3.276436
271.369000	15.089901
271.504000	1.436436
271.639000	-9.712079
271.774000	-2.147723
271.909000	1.327525
272.045000	-16.979406
272.180000	-4.335842
272.315000	-3.543762
272.450000	12.733465
272.585000	-8.583366
272.720000	0.703762
272.855000	2.763168
272.990000	15.980990
273.125000	-5.325941
273.260000	-12.662574
273.395000	-6.959604
273.530000	-3.068515
273.665000	12.951287
273.800000	3.307723
273.935000	6.188911
274.070000	1.980990
274.205000	9.179010
274.340000	0.179010
274.475000	0.169109
274.610000	17.703762
274.745000	-3.474455
274.880000	17.208713
275.015000	-8.662574
275.150000	4.842376
275.285000	9.426535
275.420000	3.377030
275.555000	17.396832
275.690000	7.822574
275.825000	-0.672475
275.959000	12.891881
276.094000	-2.217030
276.229000	-1.316040
276.364000	-6.929901
276.499000	0.634455
276.634000	2.624554
276.768000	-0.900198
276.903000	3.436436
277.038000	14.317624
277.173000	4.753267
277.308000	-1.820990
277.442000	-5.900198
277.577000	-8.761584
277.712000	-0.365545
277.847000	1.386931
277.981000	7.426535
278.116000	-16.662574
278.251000	5.941386
278.386000	5.782970
278.520000	8.139406
278.655000	0.357228
278.790000	12.495842
278.924000	5.000792
279.059000	11.169109
279.194000	-8.771485
279.328000	32.347327
279.463000	9.476040
279.598000	20.010693
279.732000	11.238416
279.867000	9.703762
280.001000	9.911683
280.136000	1.020594
280.271000	8.604752
280.405000	10.337426
280.540000	3.406733
280.674000	-6.920000
280.809000	18.832475
280.943000	4.188911
281.078000	1.396832
281.213000	17.495842
281.347000	13.248317
281.482000	6.971089
281.616000	0.792871
281.751000	0.060198
281.885000	-13.969505
282.020000	-1.197228
282.154000	8.980990
282.288000	-11.781386
282.423000	-9.167525
282.557000	-13.672475
282.692000	5.119604
282.826000	2.565149
282.961000	11.763168
283.095000	0.367129
283.229000	-1.850693
283.364000	-11.474455
283.498000	-0.385347
283.633000	6.416634
283.767000	4.921584
283.901000	2.495842
284.036000	1.852277
284.170000	-5.355644
284.304000	-5.177426
284.439000	2.921584
284.573000	-2.533861
284.707000	14.733465
284.842000	-3.058614
284.976000	-4.523960
285.110000	-10.890297
285.244000	5.080000
285.379000	44.139406
285.513000	-6.078416
285.647000	6.485941
285.781000	3.446337
285.916000	14.951287
286.050000	-0.127921
286.184000	24.575050
286.318000	13.367129
286.453000	-5.801188
286.587000	-12.276436
286.721000	-8.266535
286.855000	5.862178
286.989000	11.525545
287.123000	-1.019010
287.258000	-9.870495
287.392000	0.010693
287.526000	8.753267
287.660000	-0.078416
287.794000	0.426535
287.928000	-3.622970
288.062000	5.584950
288.196000	-1.028911
288.330000	6.030495
288.464000	16.060198
288.598000	12.654257
288.733000	6.129505
288.867000	16.476040
289.001000	5.594851
289.135000	3.951287
289.269000	-7.692277
289.403000	1.476040
289.537000	4.010693
289.671000	7.149307
289.805000	-11.187327
289.939000	4.555248
290.073000	0.426535
290.207000	13.030495
290.340000	-1.355644
290.474000	15.614653
290.608000	10.099802
290.742000	0.921584
290.876000	-2.246733
291.010000	-0.563564
291.144000	22.436436
291.278000	16.921584
291.412000	5.852277
291.546000	-1.583366
291.679000	-5.266535
291.813000	0.842376
291.947000	4.723564
292.081000	-4.157624
292.215000	2.545347
292.349000	12.693861
292.482000	9.773069
292.616000	-1.642772
292.750000	3.515644
292.884000	7.278020
293.018000	1.070099
293.151000	-15.771485
293.285000	4.436436
293.419000	-5.949703
293.553000	-2.959604
293.686000	-7.781386
293.820000	3.822574
293.954000	19.278020
294.088000	24.931485
294.221000	-3.276436
294.355000	-4.781386
294.489000	3.822574
294.622000	-4.801188
294.756000	2.060198
294.890000	6.812673
295.023000	6.000792
295.157000	11.030495
295.291000	8.228515
295.424000	17.644356
295.558000	4.951287
295.691000	2.367129
295.825000	-1.692277
295.959000	3.891881
296.092000	-3.454653
296.226000	1.961188
296.359000	6.436436
296.493000	8.337426
296.627000	4.743366
296.760000	3.317624
296.894000	-1.781386
297.027000	2.990891
297.161000	1.307723
297.294000	-13.405149
297.428000	-2.702178
297.561000	22.792871
297.695000	-3.830891
297.828000	-1.286337
297.962000	-1.415050
298.095000	-6.048713
298.229000	4.456238
298.362000	-7.058614
298.495000	-9.801188
298.629000	-8.365545
298.762000	1.139406
298.896000	2.614653
299.029000	-10.791287
299.162000	2.565149
299.296000	6.485941
299.429000	-4.335842
299.563000	3.773069
299.696000	6.505743
299.829000	5.525545
299.963000	14.901782
300.096000	13.545347
300.229000	9.188911
300.363000	5.406733
300.496000	5.466139
300.629000	-15.801188
300.763000	-5.692277
300.896000	-1.850693
301.029000	6.287921
301.162000	2.386931
301.296000	-8.989307
301.429000	2.644356
301.562000	-17.335842
301.695000	9.951287
301.829000	8.743366
301.962000	17.951287
302.095000	4.129505
302.228000	-11.494257
302.362000	4.238416
302.495000	-8.741782
302.628000	3.228515
302.761000	-0.444752
302.894000	4.525545
303.027000	15.495842
303.161000	-4.464554
303.294000	-7.563564
303.427000	13.604752
303.560000	4.535446
303.693000	-0.850693
303.826000	3.337426
303.959000	-0.781386
304.092000	-0.642772
304.225000	-6.167525
304.359000	6.020594
304.492000	8.753267
304.625000	-4.048713
304.758000	8.337426
304.891000	-8.692277
305.024000	2.495842
305.157000	-1.870495
305.290000	-8.583366
305.423000	-2.385347
305.556000	10.545347
305.689000	19.773069
305.822000	-0.949703
305.955000	2.862178
306.088000	-1.731881
306.221000	0.149307
306.354000	-4.345743
306.487000	-7.652673
306.620000	-9.999208
306.752000	-3.028911
306.885000	3.337426
307.018000	0.278020
307.151000	7.753267
307.284000	13.179010
307.417000	-7.009109
307.550000	9.436436
307.683000	0.476040
307.816000	16.406733
307.948000	8.951287
308.081000	13.416634
308.214000	10.010693
308.347000	20.099802
308.480000	-3.929901
308.613000	-11.415050
308.745000	7.753267
308.878000	-4.830891
309.011000	-0.316040
309.144000	9.901782
309.277000	-0.850693
309.409000	11.773069
309.542000	-0.672475
309.675000	13.485941
309.808000	6.129505
309.940000	20.763168
310.073000	-9.365545
310.206000	-4.563564
310.339000	7.733465
310.471000	-12.593267
310.604000	15.921584
310.737000	-2.850693
310.869000	0.119604
311.002000	0.238416
311.135000	-2.514059
311.267000	-13.741782
311.400000	-2.098218
311.533000	20.644356
311.665000	-1.593267
311.798000	-1.088317
311.930000	5.386931
312.063000	14.248317
312.196000	4.881980
312.328000	-0.236832
312.461000	-1.454653
312.593000	3.931485
312.726000	11.743366
312.859000	3.951287
312.991000	8.881980
313.124000	-18.217030
313.256000	6.357228
313.389000	8.198812
313.521000	-2.415050
313.654000	-1.583366
313.786000	-12.632871
313.919000	-6.870495
314.051000	1.188911
314.184000	9.198812
314.316000	4.248317
314.449000	-14.900198
314.581000	-3.415050
314.714000	0.674059
314.846000	8.327525
314.978000	-10.603168
315.111000	-5.236832
315.243000	5.723564
315.376000	6.565149
315.508000	9.198812
315.641000	4.644356
315.773000	21.733465
315.905000	7.683960
316.038000	-0.484356
316.170000	3.792871
316.302000	7.416634
316.435000	1.901782
316.567000	-0.791287
316.699000	20.941386
316.832000	-5.811089
316.964000	-3.236832
317.096000	-2.880396
317.229000	-7.840792
317.361000	-17.949703
317.493000	-3.662574
317.625000	-8.256634
317.758000	6.733465
317.890000	14.535446
318.022000	3.822574
318.155000	-4.137822
318.287000	3.792871
318.419000	3.179010
318.551000	2.080000
318.683000	-0.127921
318.816000	-5.543762
318.948000	-5.325941
319.080000	-6.999208
319.212000	4.525545
319.344000	6.872079
319.477000	1.733465
319.609000	8.971089
319.741000	14.050297
319.873000	0.030495
320.005000	-0.038812
320.137000	2.179010
320.269000	5.644356
320.401000	2.664158
320.534000	-1.335842
320.666000	-15.226931
320.798000	-12.276436
320.930000	-4.335842
321.062000	-11.464554
321.194000	-4.771485
321.326000	3.030495
321.458000	8.644356
321.590000	1.169109
321.722000	-5.781386
321.854000	1.872079
321.986000	2.674059
322.118000	5.268119
322.250000	-6.197228
322.382000	1.693861
322.514000	-3.514059
322.646000	-7.464554
322.778000	15.347327
322.910000	-2.979406
323.042000	1.901782
323.174000	2.248317
323.306000	-10.177426
323.438000	-16.474455
323.570000	2.347327
323.702000	2.951287
323.834000	-0.385347
323.966000	-11.345743
324.097000	3.555248
324.229000	12.802772
324.361000	8.030495
324.493000	4.218614
324.625000	-5.464554
324.757000	8.119604
324.889000	0.367129
325.021000	7.535446
325.152000	15.287921
325.284000	17.485941
325.416000	-4.514059
325.548000	12.703762
325.680000	-2.078416
325.811000	18.327525
325.943000	10.347327
326.075000	-8.098218
326.207000	3.406733
326.339000	9.604752
326.470000	-0.712079
326.602000	10.832475
326.734000	11.832475
326.866000	13.525545
326.997000	-10.880396
327.129000	-6.712079
327.261000	-15.563564
327.392000	-3.434851
327.524000	2.347327
327.656000	1.901782
327.787000	10.971089
327.919000	6.307723
328.051000	6.575050
328.182000	18.961188
328.314000	22.545347
328.446000	1.584950
328.577000	16.545347
328.709000	8.555248
328.841000	-10.147723
328.972000	-7.920000
329.104000	-4.108119
329.235000	0.921584
329.367000	-2.979406
329.499000	1.228515
329.630000	6.773069
329.762000	5.446337
329.893000	12.911683
330.025000	1.971089
330.156000	-11.543762
330.288000	8.931485
330.419000	15.129505
330.551000	12.089901
330.683000	7.990891
330.814000	-1.593267
330.946000	14.357228
331.077000	-5.177426
331.208000	-6.098218
331.340000	-2.415050
331.471000	-8.355644
331.603000	1.980990
331.734000	-12.355644
331.866000	4.456238
331.997000	5.842376
332.129000	0.782970
332.260000	-0.999208
332.392000	15.872079
332.523000	3.020594
332.654000	-11.316040
332.786000	-1.246733
332.917000	-7.721980
333.048000	13.188911
333.180000	17.971089
333.311000	-7.048713
333.443000	1.317624
333.574000	-0.137822
333.705000	16.357228
333.837000	-7.217030
333.968000	2.881980
334.099000	16.872079
334.231000	16.911683
334.362000	-0.335842
334.493000	12.129505
334.624000	14.208713
334.756000	8.238416
334.887000	8.832475
335.018000	7.307723
335.150000	11.842376
335.281000	3.446337
335.412000	17.466139
335.543000	9.634455
335.675000	2.297822
335.806000	6.188911
335.937000	0.822574
336.068000	10.248317
336.199000	30.792871
336.331000	0.109703
336.462000	-1.088317
336.593000	14.881980
336.724000	-1.286337
336.855000	3.891881
336.986000	12.723564
337.118000	9.515644
337.249000	9.614653
337.380000	6.773069
337.511000	2.040396
337.642000	6.763168
337.773000	3.703762
337.904000	8.703762
338.035000	8.525545
338.166000	2.792871
338.298000	9.198812
338.429000	-2.325941
338.560000	11.545347
338.691000	16.278020
338.822000	9.268119
338.953000	11.040396
339.084000	16.505743
339.215000	15.208713
339.346000	3.416634
339.477000	2.188911
339.608000	2.980990
339.739000	-0.385347
339.870000	1.683960
340.001000	-3.335842
340.132000	9.624554
340.263000	4.525545
340.394000	9.446337
340.525000	8.634455
340.656000	-5.296238
340.787000	-10.098218
340.918000	21.268119
341.049000	11.485941
341.179000	6.624554
341.310000	6.287921
341.441000	9.881980
341.572000	12.198812
341.703000	5.852277
341.834000	-5.672475
341.965000	12.080000
342.096000	0.268119
342.227000	3.713663
342.357000	3.396832
342.488000	6.614653
342.619000	7.495842
342.750000	6.188911
342.881000	-6.504158
343.012000	17.525545
343.142000	23.931485
343.273000	-5.474455
343.404000	7.416634
343.535000	31.674059
343.666000	17.505743
343.796000	14.080000
343.927000	15.169109
344.058000	18.951287
344.189000	13.386931
344.319000	10.466139
344.450000	7.317624
344.581000	4.802772
344.712000	-11.583366
344.842000	1.436436
344.973000	-0.682376
345.104000	8.872079
345.234000	0.396832
345.365000	-10.345743
345.496000	2.327525
345.626000	9.495842
345.757000	13.268119
345.888000	-7.098218
346.018000	11.713663
346.149000	2.525545
346.280000	20.218614
346.410000	-4.365545
346.541000	9.881980
346.672000	-0.474455
346.802000	11.723564
346.933000	8.070099
347.063000	4.990891
347.194000	0.941386
347.325000	5.862178
347.455000	17.287921
347.586000	4.129505
347.716000	-7.890297
347.847000	9.208713
347.977000	8.604752
348.108000	13.317624
348.238000	9.852277
348.369000	1.832475
348.499000	10.218614
348.630000	2.931485
348.760000	4.872079
348.891000	8.139406
349.021000	11.644356
349.152000	7.495842
349.282000	7.238416
349.413000	-1.573465
349.543000	14.990891
349.674000	2.575050
349.804000	12.149307
349.935000	-4.415050
350.065000	-1.870495
350.196000	-5.652673
350.326000	5.317624
350.456000	0.674059
350.587000	21.258218
350.717000	6.555248
350.848000	10.862178
350.978000	11.525545
351.108000	-7.791287
351.239000	15.634455
351.369000	-0.939802
351.499000	0.535446
351.630000	9.030495
351.760000	4.456238
351.890000	3.287921
352.021000	8.337426
352.151000	-1.751683
352.281000	11.634455
352.412000	14.555248
352.542000	8.505743
352.672000	2.278020
352.803000	3.278020
352.933000	7.238416
353.063000	8.881980
353.193000	7.446337
353.324000	3.129505
353.454000	14.040396
353.584000	18.297822
353.714000	2.119604
353.845000	6.515644
353.975000	-0.444752
354.105000	-0.642772
354.235000	6.525545
354.365000	3.842376
354.496000	1.971089
354.626000	12.099802
354.756000	14.515644
354.886000	3.188911
355.016000	10.406733
355.146000	1.644356
355.277000	8.664158
355.407000	0.980990
355.537000	6.030495
355.667000	8.891881
355.797000	0.723564
355.927000	-2.702178
356.057000	6.703762
356.187000	-4.345743
356.318000	-3.613069
356.448000	3.951287
356.578000	7.763168
356.708000	14.575050
356.838000	7.822574
356.968000	1.050297
357.098000	7.951287
357.228000	12.159208
357.358000	-1.702178
357.488000	-3.632871
357.618000	26.208713
357.748000	15.941386
357.878000	6.832475
358.008000	2.644356
358.138000	-0.494257
358.268000	1.080000
358.398000	16.872079
358.528000	-10.019010
358.658000	7.386931
358.788000	3.594851
358.918000	11.664158
359.048000	7.000792
359.178000	16.347327
359.308000	10.446337
359.438000	21.664158
359.568000	17.287921
359.698000	9.505743
359.827000	3.080000
359.957000	5.297822
360.087000	9.911683
360.217000	0.268119
360.347000	9.020594
360.477000	17.228515
360.607000	-5.395248
360.737000	16.654257
360.866000	0.050297
360.996000	-9.523960
361.126000	-4.751683
361.256000	23.703762
361.386000	18.664158
361.516000	18.604752
361.645000	-5.840792
361.775000	12.188911
361.905000	-11.751683
362.035000	8.634455
362.165000	4.040396
362.294000	10.406733
362.424000	19.129505
362.554000	13.961188
362.684000	-5.395248
362.813000	3.763168
362.943000	13.258218
363.073000	4.743366
363.203000	4.297822
363.332000	8.436436
363.462000	-5.850693
363.592000	-1.474455
363.721000	-3.583366
363.851000	3.426535
363.981000	13.891881
364.111000	2.505743
364.240000	-8.187327
364.370000	11.743366
364.500000	19.773069
364.629000	9.961188
364.759000	-8.019010
364.888000	-9.820990
365.018000	5.951287
365.148000	3.901782
365.277000	10.693861
365.407000	10.773069
365.537000	11.703762
365.666000	9.782970
365.796000	2.683960
365.925000	5.713663
366.055000	11.733465
366.184000	0.495842
366.314000	4.773069
366.444000	12.743366
366.573000	5.030495
366.703000	1.822574
366.832000	12.159208
366.962000	9.337426
367.091000	19.921584
367.221000	11.654257
367.350000	5.941386
367.480000	38.258218
367.609000	11.901782
367.739000	8.931485
367.868000	-4.167525
367.998000	6.070099
368.127000	19.367129
368.257000	18.119604
368.386000	23.980990
368.516000	17.614653
368.645000	6.644356
368.775000	10.951287
368.904000	7.535446
369.033000	-3.078416
369.163000	-3.286337
369.292000	15.426535
369.422000	14.040396
369.551000	15.278020
369.680000	16.664158
369.810000	13.713663
369.939000	0.466139
370.069000	22.980990
370.198000	13.476040
370.327000	-7.345743
370.457000	5.317624
370.586000	11.139406
370.715000	1.614653
370.845000	-1.900198
370.974000	11.941386
371.103000	17.921584
371.233000	13.971089
371.362000	10.782970
371.491000	-2.910099
371.621000	14.604752
371.750000	7.228515
371.879000	-6.405149
372.008000	4.693861
372.138000	4.198812
372.267000	16.000792
372.396000	5.040396
372.525000	5.862178
372.655000	5.654257
372.784000	3.703762
372.913000	3.149307
373.042000	10.436436
373.172000	20.228515
373.301000	-9.603168
373.430000	-7.731881
373.559000	3.505743
373.688000	13.495842
373.818000	20.664158
373.947000	17.674059
374.076000	5.852277
374.205000	13.020594
374.334000	1.911683
374.463000	-6.098218
374.593000	12.149307
374.722000	12.208713
374.851000	21.476040
374.980000	-1.276436
375.109000	5.396832
375.238000	12.555248
375.367000	30.594851
375.496000	-8.613069
375.625000	-5.850693
375.755000	15.901782
375.884000	23.931485
376.013000	15.980990
376.142000	-7.147723
376.271000	-0.157624
376.400000	8.198812
376.529000	7.297822
376.658000	12.386931
376.787000	4.842376
376.916000	9.020594
377.045000	1.545347
377.174000	4.733465
377.303000	3.149307
377.432000	24.208713
377.561000	16.060198
377.690000	4.377030
377.819000	20.416634
377.948000	3.258218
378.077000	-4.979406
378.206000	-3.751683
378.335000	2.000792
378.464000	6.317624
378.593000	23.258218
378.722000	0.832475
378.851000	2.535446
378.980000	22.347327
379.108000	-5.098218
379.237000	-6.236832
379.366000	9.198812
379.495000	16.466139
379.624000	9.842376
379.753000	9.109703
379.882000	7.713663
380.011000	-1.900198
380.140000	-2.801188
380.268000	8.377030
380.397000	-0.791287
380.526000	23.951287
380.655000	-3.286337
380.784000	-14.741782
380.913000	-4.236832
381.041000	4.030495
381.170000	-9.286337
381.299000	1.000792
381.428000	12.089901
381.557000	10.248317
381.685000	3.426535
381.814000	12.198812
381.943000	3.852277
382.072000	-4.276436
382.200000	-4.246733
382.329000	4.476040
382.458000	5.396832
382.587000	20.208713
382.715000	23.476040
382.844000	12.347327
382.973000	9.763168
383.102000	4.535446
383.230000	2.238416
383.359000	-7.276436
383.488000	11.733465
383.616000	3.139406
383.745000	-5.514059
383.874000	5.773069
384.003000	0.416634
384.131000	-3.969505
384.260000	0.010693
384.389000	10.901782
384.517000	-6.900198
384.646000	-7.721980
384.774000	0.654257
384.903000	20.535446
385.032000	18.634455
385.160000	7.446337
385.289000	0.961188
385.418000	2.119604
385.546000	6.208713
385.675000	15.287921
385.803000	6.763168
385.932000	9.139406
386.060000	-4.157624
386.189000	5.545347
386.318000	6.278020
386.446000	0.832475
386.575000	9.377030
386.703000	12.030495
386.832000	-1.207129
386.960000	-12.741782
387.089000	18.456238
387.217000	7.852277
387.346000	-1.860594
387.474000	6.584950
387.603000	8.485941
387.731000	7.713663
387.860000	15.089901
387.988000	7.485941
388.117000	15.763168
388.245000	8.268119
388.374000	-0.959604
388.502000	12.099802
388.631000	-3.939802
388.759000	1.327525
388.888000	8.396832
389.016000	-0.504158
389.144000	3.594851
389.273000	6.584950
389.401000	-2.731881
389.530000	-9.721980
389.658000	13.089901
389.786000	-8.365545
389.915000	-9.999208
390.043000	-7.652673
390.172000	7.971089
390.300000	23.050297
390.428000	12.951287
390.557000	0.881980
390.685000	12.456238
390.813000	14.030495
390.942000	15.634455
391.070000	3.614653
391.198000	1.733465
391.327000	2.159208
391.455000	-8.276436
391.583000	21.881980
391.712000	11.604752
391.840000	8.535446
391.968000	-1.721980
392.096000	2.119604
392.225000	1.188911
392.353000	12.169109
392.481000	2.743366
392.609000	17.198812
392.738000	10.763168
392.866000	10.753267
392.994000	-4.939802
393.122000	22.773069
393.251000	-0.098218
393.379000	-3.514059
393.507000	-12.088317
393.635000	-2.068515
393.764000	9.941386
393.892000	15.872079
394.020000	-0.761584
394.148000	0.297822
394.276000	5.753267
394.404000	27.515644
394.533000	4.030495
394.661000	9.218614
394.789000	19.931485
394.917000	25.980990
395.045000	-0.741782
395.173000	-5.830891
395.302000	-1.207129
395.430000	7.743366
395.558000	13.723564
395.686000	14.446337
395.814000	13.792871
395.942000	-0.712079
396.070000	5.436436
396.198000	8.654257
396.326000	12.654257
396.454000	18.089901
396.582000	12.921584
396.711000	5.565149
396.839000	14.109703
396.967000	10.842376
397.095000	5.347327
397.223000	18.188911
397.351000	21.446337
397.479000	19.575050
397.607000	3.941386
397.735000	14.990891
397.863000	16.179010
397.991000	13.406733
398.119000	-3.791287
398.247000	2.604752
398.375000	0.495842
398.503000	6.565149
398.631000	10.812673
398.759000	8.159208
398.887000	5.901782
399.015000	2.545347
399.143000	2.792871
399.271000	8.693861
399.399000	12.832475
399.526000	14.297822
399.654000	17.901782
399.782000	-4.652673
399.910000	21.198812
400.038000	23.980990
400.166000	3.961188
400.294000	4.703762
400.422000	-3.068515
400.550000	11.773069
400.678000	7.723564
400.805000	6.119604
400.933000	6.624554
401.061000	14.693861
401.189000	2.406733
401.317000	20.743366
401.445000	24.040396
401.573000	20.030495
401.700000	3.812673
401.828000	-3.949703
401.956000	2.802772
402.084000	16.099802
402.212000	15.555248
402.340000	9.921584
402.467000	10.634455
402.595000	11.812673
402.723000	6.782970
402.851000	23.980990
402.978000	6.327525
403.106000	15.169109
403.234000	5.575050
403.362000	25.396832
403.489000	19.535446
403.617000	11.901782
403.745000	8.713663
403.873000	-2.405149
404.000000	14.713663
404.128000	9.644356
404.256000	16.852277
404.384000	22.258218
404.511000	16.614653
404.639000	0.218614
404.767000	0.565149
404.894000	7.495842
405.022000	7.179010
405.150000	15.961188
405.277000	-0.652673
405.405000	0.089901
405.533000	4.842376
405.660000	0.080000
405.788000	-12.098218
405.916000	-10.712079
406.043000	-7.583366
406.171000	-2.583366
406.299000	13.179010
406.426000	12.010693
406.554000	15.089901
406.681000	22.782970
406.809000	10.446337
406.937000	6.466139
407.064000	1.357228
407.192000	15.654257
407.319000	9.406733
407.447000	2.822574
407.574000	25.822574
407.702000	8.703762
407.830000	-3.207129
407.957000	-7.316040
408.085000	7.753267
408.212000	4.961188
408.340000	6.753267
408.467000	1.218614
408.595000	8.931485
408.722000	17.802772
408.850000	19.901782
408.977000	1.050297
409.105000	6.159208
409.232000	9.515644
409.360000	8.099802
409.487000	9.268119
409.615000	15.367129
409.742000	26.446337
409.870000	28.297822
409.997000	35.901782
410.125000	40.307723
410.252000	53.347327
410.379000	50.644356
410.507000	33.881980
410.634000	12.832475
410.762000	8.881980
410.889000	18.476040
411.017000	7.337426
411.144000	16.941386
411.271000	2.822574
411.399000	8.070099
411.526000	8.426535
411.653000	16.198812
411.781000	26.119604
411.908000	14.723564
412.036000	3.901782
412.163000	26.149307
412.290000	18.535446
412.418000	10.515644
412.545000	16.674059
412.672000	3.525545
412.800000	31.119604
412.927000	15.604752
413.054000	22.476040
413.182000	13.683960
413.309000	8.080000
413.436000	-3.583366
413.564000	2.060198
413.691000	7.070099
413.818000	22.297822
413.945000	-5.335842
414.073000	1.089901
414.200000	10.713663
414.327000	11.911683
414.454000	14.386931
414.582000	7.753267
414.709000	-6.910099
414.836000	1.377030
414.963000	6.060198
415.091000	10.268119
415.218000	3.317624
415.345000	5.159208
415.472000	7.188911
415.600000	-2.009109
415.727000	11.327525
415.854000	7.881980
415.981000	6.476040
416.108000	3.555248
416.236000	7.070099
416.363000	14.535446
416.490000	4.753267
416.617000	7.307723
416.744000	18.951287
416.871000	15.614653
416.998000	5.070099
417.126000	6.773069
417.253000	3.594851
417.380000	6.466139
417.507000	5.693861
417.634000	11.208713
417.761000	18.753267
417.888000	15.317624
418.015000	10.357228
418.143000	11.505743
418.270000	24.921584
418.397000	7.188911
418.524000	11.812673
418.651000	2.278020
418.778000	12.505743
418.905000	28.159208
419.032000	16.891881
419.159000	8.733465
419.286000	29.782970
419.413000	18.278020
419.540000	24.139406
419.667000	0.406733
419.794000	-4.840792
419.921000	8.159208
420.048000	11.842376
420.175000	14.416634
420.302000	0.218614
420.429000	9.713663
420.556000	5.000792
420.683000	-4.672475
420.810000	3.654257
420.937000	15.307723
421.064000	16.218614
421.191000	5.436436
421.318000	19.802772
421.445000	28.099802
421.572000	0.584950
421.699000	18.911683
421.826000	15.377030
421.953000	7.426535
422.080000	6.941386
422.207000	-4.098218
422.334000	-3.840792
422.461000	21.317624
422.588000	3.248317
422.714000	15.426535
422.841000	23.852277
422.968000	18.921584
423.095000	9.287921
423.222000	-1.167525
423.349000	12.169109
423.476000	13.951287
423.603000	1.070099
423.729000	-0.563564
423.856000	5.822574
423.983000	18.179010
424.110000	0.476040
424.237000	9.080000
424.364000	13.505743
424.491000	9.466139
424.617000	-6.256634
424.744000	-0.048713
424.871000	11.664158
424.998000	2.674059
425.125000	-0.177426
425.251000	8.406733
425.378000	-1.236832
425.505000	7.812673
425.632000	8.842376
425.758000	-1.672475
425.885000	11.030495
426.012000	17.505743
426.139000	23.654257
426.266000	5.842376
426.392000	11.654257
426.519000	16.000792
426.646000	6.713663
426.772000	20.268119
426.899000	7.476040
427.026000	13.278020
427.153000	9.980990
427.279000	22.050297
427.406000	11.297822
427.533000	4.773069
427.659000	5.317624
427.786000	5.287921
427.913000	23.278020
428.039000	7.971089
428.166000	3.446337
428.293000	6.099802
428.419000	17.584950
428.546000	8.733465
428.673000	-3.989307
428.799000	-3.801188
428.926000	4.327525
429.053000	26.000792
429.179000	15.070099
429.306000	12.634455
429.433000	22.406733
429.559000	20.297822
429.686000	-1.603168
429.812000	-0.157624
429.939000	-0.127921
430.066000	5.278020
430.192000	1.852277
430.319000	14.010693
430.445000	2.941386
430.572000	7.119604
430.699000	-5.533861
430.825000	-2.682376
430.952000	10.416634
431.078000	8.228515
431.205000	13.604752
431.331000	3.050297
431.458000	12.030495
431.584000	15.426535
431.711000	3.723564
431.837000	9.990891
431.964000	7.367129
432.090000	10.050297
432.217000	-6.900198
432.343000	4.565149
432.470000	21.545347
432.596000	9.802772
432.723000	1.307723
432.849000	-1.167525
432.976000	12.396832
433.102000	9.842376
433.229000	4.307723
433.355000	31.832475
433.482000	72.099802
433.608000	152.575050
433.735000	143.812673
433.861000	127.396832
433.987000	151.347327
434.114000	229.575050
434.240000	198.208713
434.367000	68.881980
434.493000	10.080000
434.620000	22.129505
434.746000	24.248317
434.872000	10.307723
434.999000	17.763168
435.125000	9.466139
435.252000	1.070099
435.378000	9.683960
435.504000	7.258218
435.631000	18.426535
435.757000	8.218614
435.883000	14.495842
436.010000	13.891881
436.136000	8.020594
436.262000	13.664158
436.389000	10.515644
436.515000	18.683960
436.641000	12.852277
436.768000	15.723564
436.894000	15.961188
437.020000	13.169109
437.147000	24.961188
437.273000	14.446337
437.399000	5.683960
437.526000	19.812673
437.652000	6.545347
437.778000	17.050297
437.904000	-3.929901
438.031000	6.129505
438.157000	12.208713
438.283000	12.505743
438.409000	-1.207129
438.536000	-3.226931
438.662000	19.674059
438.788000	14.357228
438.914000	14.980990
439.041000	16.367129
439.167000	29.584950
439.293000	5.179010
439.419000	8.961188
439.546000	17.495842
439.672000	6.555248
439.798000	16.000792
439.924000	19.218614
440.050000	24.357228
440.177000	19.782970
440.303000	9.307723
440.429000	5.139406
440.555000	14.703762
440.681000	8.802772
440.807000	19.664158
440.934000	11.367129
441.060000	10.604752
441.186000	8.228515
441.312000	6.436436
441.438000	16.654257
441.564000	20.367129
441.690000	23.525545
441.816000	15.812673
441.943000	6.911683
442.069000	12.614653
442.195000	15.436436
442.321000	17.485941
442.447000	-0.434851
442.573000	2.822574
442.699000	-1.385347
442.825000	-4.553663
442.951000	15.198812
443.077000	19.119604
443.203000	20.099802
443.330000	5.961188
443.456000	-7.246733
443.582000	12.822574
443.708000	6.000792
443.834000	20.753267
443.960000	18.287921
444.086000	11.763168
444.212000	27.476040
444.338000	25.060198
444.464000	23.357228
444.590000	24.119604
444.716000	12.070099
444.842000	12.208713
444.968000	0.753267
445.094000	6.812673
445.220000	4.060198
445.346000	-2.880396
445.472000	6.862178
445.598000	10.000792
445.724000	4.307723
445.850000	7.495842
445.976000	12.624554
446.102000	15.901782
446.228000	21.396832
446.354000	13.862178
446.480000	5.287921
446.605000	11.278020
446.731000	14.208713
446.857000	4.278020
446.983000	11.674059
447.109000	7.109703
447.235000	8.773069
447.361000	-0.147723
447.487000	15.426535
447.613000	11.832475
447.739000	2.683960
447.865000	3.386931
447.990000	8.773069
448.116000	11.426535
448.242000	11.743366
448.368000	6.703762
448.494000	3.050297
448.620000	14.951287
448.746000	10.040396
448.872000	9.733465
448.997000	-0.335842
449.123000	6.337426
449.249000	26.119604
449.375000	22.763168
449.501000	3.476040
449.627000	-0.306139
449.752000	28.961188
449.878000	1.555248
450.004000	1.901782
450.130000	14.149307
450.256000	7.179010
450.381000	8.971089
450.507000	13.258218
450.633000	12.020594
450.759000	23.931485
450.884000	5.624554
451.010000	18.119604
451.136000	5.674059
451.262000	13.990891
451.388000	10.278020
451.513000	-0.573465
451.639000	12.842376
451.765000	13.337426
451.890000	18.515644
452.016000	11.575050
452.142000	7.228515
452.268000	14.614653
452.393000	12.792871
452.519000	0.802772
452.645000	11.584950
452.771000	8.723564
452.896000	0.733465
453.022000	0.545347
453.148000	21.535446
453.273000	13.565149
453.399000	9.545347
453.525000	-4.276436
453.650000	3.624554
453.776000	18.812673
453.902000	18.258218
454.027000	21.287921
454.153000	17.466139
454.279000	19.347327
454.404000	6.624554
454.530000	24.218614
454.656000	34.119604
454.781000	9.416634
454.907000	5.565149
455.032000	5.961188
455.158000	25.099802
455.284000	24.822574
455.409000	16.278020
455.535000	17.248317
455.660000	17.842376
455.786000	20.862178
455.912000	13.980990
456.037000	-0.306139
456.163000	13.872079
456.288000	20.753267
456.414000	-3.048713
456.539000	-2.979406
456.665000	18.961188
456.791000	12.476040
456.916000	5.505743
457.042000	12.941386
457.167000	-0.811089
457.293000	13.654257
457.418000	9.129505
457.544000	7.565149
457.669000	6.901782
457.795000	8.584950
457.920000	11.763168
458.046000	13.515644
458.171000	16.733465
458.297000	4.683960
458.422000	1.080000
458.548000	2.297822
458.673000	15.337426
458.799000	10.070099
458.924000	-1.543762
459.050000	12.406733
459.175000	6.644356
459.301000	8.179010
459.426000	19.654257
459.552000	12.327525
459.677000	3.634455
459.803000	24.980990
459.928000	15.525545
460.053000	9.070099
460.179000	13.654257
460.304000	23.367129
460.430000	-2.108119
460.555000	7.654257
460.681000	4.990891
460.806000	9.565149
460.931000	12.495842
461.057000	16.228515
461.182000	8.446337
461.308000	21.317624
461.433000	17.921584
461.558000	3.258218
461.684000	22.040396
461.809000	20.238416
461.934000	9.446337
462.060000	22.129505
462.185000	-1.652673
462.311000	6.604752
462.436000	15.881980
462.561000	12.436436
462.687000	9.931485
462.812000	13.188911
462.937000	1.891881
463.063000	0.278020
463.188000	-0.385347
463.313000	17.693861
463.439000	9.258218
463.564000	5.683960
463.689000	10.634455
463.814000	16.416634
463.940000	6.921584
464.065000	19.327525
464.190000	22.030495
464.316000	0.476040
464.441000	0.466139
464.566000	0.505743
464.692000	7.654257
464.817000	10.139406
464.942000	4.386931
465.067000	6.971089
465.193000	-11.098218
465.318000	3.565149
465.443000	7.456238
465.568000	6.416634
465.694000	7.139406
465.819000	24.664158
465.944000	9.119604
466.069000	10.812673
466.194000	13.456238
466.320000	16.594851
466.445000	9.644356
466.570000	1.941386
466.695000	2.396832
466.820000	14.307723
466.946000	18.169109
467.071000	10.396832
467.196000	1.743366
467.321000	13.862178
467.446000	3.881980
467.572000	8.456238
467.697000	-3.494257
467.822000	11.000792
467.947000	17.763168
468.072000	3.109703
468.197000	-0.741782
468.323000	-1.860594
468.448000	4.862178
468.573000	1.713663
468.698000	5.268119
468.823000	14.624554
468.948000	18.089901
469.073000	14.515644
469.198000	20.624554
469.324000	24.802772
469.449000	3.654257
469.574000	19.862178
469.699000	19.891881
469.824000	20.010693
469.949000	14.218614
470.074000	17.525545
470.199000	41.525545
470.324000	25.703762
470.449000	23.901782
470.574000	9.644356
470.700000	10.674059
470.825000	20.802772
470.950000	29.396832
471.075000	3.268119
471.200000	12.198812
471.325000	21.149307
471.450000	9.030495
471.575000	0.307723
471.700000	15.891881
471.825000	2.525545
471.950000	5.664158
472.075000	3.644356
472.200000	5.980990
472.325000	8.664158
472.450000	2.644356
472.575000	8.050297
472.700000	9.386931
472.825000	21.723564
472.950000	19.070099
473.075000	11.703762
473.200000	1.664158
473.325000	8.852277
473.450000	3.911683
473.575000	-0.583366
473.700000	11.268119
473.825000	9.495842
473.950000	17.386931
474.075000	23.347327
474.200000	7.080000
474.325000	4.456238
474.450000	24.278020
474.574000	15.733465
474.699000	19.990891
474.824000	19.525545
474.949000	4.683960
475.074000	3.000792
475.199000	20.911683
475.324000	19.782970
475.449000	9.515644
475.574000	16.743366
475.699000	16.188911
475.824000	8.812673
475.949000	11.505743
476.073000	6.287921
476.198000	9.693861
476.323000	13.693861
476.448000	9.921584
476.573000	6.763168
476.698000	21.159208
476.823000	16.268119
476.947000	15.545347
477.072000	11.614653
477.197000	11.218614
477.322000	5.258218
477.447000	3.802772
477.572000	16.000792
477.697000	8.089901
477.821000	8.753267
477.946000	20.782970
478.071000	21.218614
478.196000	22.961188
478.321000	15.515644
478.445000	8.664158
478.570000	4.822574
478.695000	7.297822
478.820000	18.941386
478.945000	17.010693
479.069000	4.396832
479.194000	7.436436
479.319000	19.337426
479.444000	18.980990
479.569000	8.089901
479.693000	17.842376
479.818000	14.584950
479.943000	22.782970
480.068000	15.911683
480.192000	21.070099
480.317000	17.951287
480.442000	12.515644
480.567000	9.416634
480.691000	13.733465
480.816000	11.812673
480.941000	4.208713
481.066000	18.466139
481.190000	26.129505
481.315000	21.406733
481.440000	10.159208
481.564000	2.010693
481.689000	24.396832
481.814000	22.763168
481.938000	20.862178
482.063000	9.357228
482.188000	18.604752
482.313000	32.624554
482.437000	15.089901
482.562000	23.872079
482.687000	27.990891
482.811000	26.693861
482.936000	24.317624
483.061000	25.347327
483.185000	21.773069
483.310000	26.921584
483.435000	19.377030
483.559000	17.367129
483.684000	14.614653
483.808000	33.287921
483.933000	16.159208
484.058000	12.812673
484.182000	15.822574
484.307000	15.485941
484.432000	19.426535
484.556000	16.367129
484.681000	17.060198
484.805000	23.218614
484.930000	28.515644
485.055000	40.990891
485.179000	79.416634
485.304000	118.278020
485.428000	364.426535
485.553000	1252.951287
485.678000	1748.644356
485.802000	1632.386931
485.927000	1806.980990
486.051000	2674.852277
486.176000	1636.377030
486.300000	450.297822
486.425000	150.119604
486.549000	83.377030
486.674000	62.674059
486.799000	42.327525
486.923000	25.020594
487.048000	24.000792
487.172000	20.297822
487.297000	25.337426
487.421000	31.109703
487.546000	23.060198
487.670000	26.604752
487.795000	11.307723
487.919000	18.396832
488.044000	26.931485
488.168000	26.287921
488.293000	17.901782
488.417000	8.842376
488.542000	23.822574
488.666000	25.703762
488.791000	25.535446
488.915000	17.377030
489.040000	23.208713
489.164000	26.446337
489.289000	30.614653
489.413000	5.377030
489.538000	21.169109
489.662000	27.624554
489.786000	11.060198
489.911000	18.446337
490.035000	15.941386
490.160000	6.565149
490.284000	8.179010
490.409000	-2.999208
490.533000	13.555248
490.658000	35.287921
490.782000	16.634455
490.906000	17.852277
491.031000	22.109703
491.155000	18.248317
491.280000	25.337426
491.404000	16.367129
491.528000	26.822574
491.653000	13.050297
491.777000	26.624554
491.902000	6.278020
492.026000	20.169109
492.150000	20.476040
492.275000	32.931485
492.399000	23.228515
492.524000	11.723564
492.648000	29.030495
492.772000	22.535446
492.897000	27.089901
493.021000	14.159208
493.145000	26.683960
493.270000	23.268119
493.394000	10.129505
493.518000	7.179010
493.643000	3.575050
493.767000	24.941386
493.891000	4.971089
494.016000	13.119604
494.140000	11.030495
494.264000	17.951287
494.389000	23.485941
494.513000	8.674059
494.637000	3.901782
494.762000	21.763168
494.886000	22.555248
495.010000	19.852277
495.134000	17.505743
495.259000	25.080000
495.383000	13.921584
495.507000	14.089901
495.632000	31.604752
495.756000	40.753267
495.880000	23.921584
496.004000	15.466139
496.129000	7.802772
496.253000	21.436436
496.377000	16.030495
496.501000	31.584950
496.626000	5.070099
496.750000	18.317624
496.874000	19.109703
496.998000	9.317624
497.123000	28.406733
497.247000	11.703762
497.371000	9.248317
497.495000	14.278020
497.620000	14.268119
497.744000	8.782970
497.868000	8.287921
497.992000	13.119604
498.116000	7.258218
498.241000	17.654257
498.365000	8.396832
498.489000	5.881980
498.613000	29.238416
498.737000	10.129505
498.862000	11.654257
498.986000	2.287921
499.110000	12.089901
499.234000	10.664158
499.358000	4.129505
499.482000	11.050297
499.607000	15.901782
499.731000	19.872079
499.855000	25.901782
499.979000	15.990891
500.103000	16.584950
500.227000	23.149307
500.351000	15.020594
500.476000	12.109703
500.600000	12.278020
500.724000	17.782970
500.848000	12.188911
500.972000	20.832475
501.096000	16.446337
501.220000	30.208713
501.344000	9.119604
501.469000	9.763168
501.593000	16.307723
501.717000	18.664158
501.841000	13.674059
501.965000	11.307723
502.089000	6.802772
502.213000	18.763168
502.337000	8.683960
502.461000	5.862178
502.585000	9.426535
502.709000	15.891881
502.834000	8.832475
502.958000	10.773069
503.082000	14.297822
503.206000	16.654257
503.330000	26.693861
503.454000	22.951287
503.578000	23.446337
503.702000	22.693861
503.826000	15.951287
503.950000	28.456238
504.074000	11.367129
504.198000	11.188911
504.322000	2.644356
504.446000	5.802772
504.570000	17.159208
504.694000	15.980990
504.818000	14.050297
504.942000	29.377030
505.066000	13.901782
505.190000	13.347327
505.314000	17.565149
505.438000	17.406733
505.562000	11.119604
505.686000	21.584950
505.810000	11.535446
505.934000	21.159208
506.058000	10.604752
506.182000	16.297822
506.306000	18.872079
506.430000	6.030495
506.554000	10.327525
506.678000	5.584950
506.802000	10.169109
506.926000	17.040396
507.050000	18.159208
507.174000	24.872079
507.298000	21.050297
507.422000	15.703762
507.546000	20.693861
507.670000	26.990891
507.794000	-0.652673
507.918000	10.357228
508.042000	13.307723
508.165000	3.456238
508.289000	4.347327
508.413000	11.228515
508.537000	4.476040
508.661000	16.565149
508.785000	13.505743
508.909000	16.614653
509.033000	11.248317
509.157000	12.159208
509.281000	13.099802
509.405000	9.416634
509.528000	27.555248
509.652000	23.911683
509.776000	9.703762
509.900000	25.416634
510.024000	11.614653
510.148000	15.416634
510.272000	15.317624
510.396000	18.634455
510.519000	2.476040
510.643000	22.763168
510.767000	12.089901
510.891000	16.921584
511.015000	8.763168
511.139000	15.188911
511.263000	27.406733
511.386000	11.664158
511.510000	13.713663
511.634000	8.862178
511.758000	10.931485
511.882000	2.060198
512.006000	18.080000
512.129000	18.802772
512.253000	39.198812
512.377000	11.723564
512.501000	19.644356
512.625000	15.238416
512.748000	7.654257
512.872000	6.575050
512.996000	7.030495
513.120000	15.337426
513.244000	5.396832
513.367000	18.119604
513.491000	16.386931
513.615000	16.129505
513.739000	6.604752
513.862000	11.228515
513.986000	12.000792
514.110000	21.812673
514.234000	8.644356
514.358000	23.278020
514.481000	25.941386
514.605000	9.911683
514.729000	17.159208
514.853000	20.941386
514.976000	3.367129
515.100000	11.070099
515.224000	25.278020
515.348000	9.773069
515.471000	4.872079
515.595000	15.446337
515.719000	8.743366
515.842000	30.693861
515.966000	11.377030
516.090000	30.258218
516.214000	12.951287
516.337000	35.545347
516.461000	23.179010
516.585000	21.406733
516.708000	22.080000
516.832000	20.297822
516.956000	15.386931
517.080000	15.218614
517.203000	3.436436
517.327000	15.347327
517.451000	31.179010
517.574000	38.149307
517.698000	13.248317
517.822000	19.287921
517.945000	27.278020
518.069000	30.644356
518.193000	48.862178
518.316000	32.139406
518.440000	31.347327
518.564000	19.614653
518.687000	20.753267
518.811000	31.693861
518.935000	54.070099
519.058000	29.030495
519.182000	32.089901
519.306000	37.020594
519.429000	22.941386
519.553000	56.060198
519.676000	31.812673
519.800000	19.000792
519.924000	8.337426
520.047000	17.792871
520.171000	7.545347
520.294000	11.258218
520.418000	18.000792
520.542000	8.951287
520.665000	25.198812
520.789000	14.436436
520.913000	0.287921
521.036000	-7.286337
521.160000	3.099802
521.283000	9.139406
521.407000	8.436436
521.530000	4.010693
521.654000	-5.840792
521.778000	23.198812
521.901000	14.396832
522.025000	12.515644
522.148000	5.446337
522.272000	14.634455
522.395000	9.089901
522.519000	19.159208
522.643000	6.683960
522.766000	10.050297
522.890000	10.406733
523.013000	23.000792
523.137000	-0.533861
523.260000	6.525545
523.384000	16.436436
523.507000	15.198812
523.631000	9.773069
523.754000	7.258218
523.878000	11.287921
524.002000	17.070099
524.125000	7.971089
524.249000	-2.365545
524.372000	14.525545
524.496000	14.980990
524.619000	16.020594
524.743000	13.505743
524.866000	8.317624
524.990000	12.693861
525.113000	0.644356
525.237000	23.169109
525.360000	14.347327
525.484000	14.367129
525.607000	2.218614
525.731000	-4.385347
525.854000	14.921584
525.978000	30.188911
526.101000	7.822574
526.224000	5.377030
526.348000	12.535446
526.471000	14.485941
526.595000	15.575050
526.718000	7.782970
526.842000	2.386931
526.965000	19.258218
527.089000	9.535446
527.212000	13.911683
527.336000	6.555248
527.459000	18.971089
527.582000	11.396832
527.706000	19.347327
527.829000	16.000792
527.953000	15.337426
528.076000	-1.494257
528.200000	2.773069
528.323000	20.941386
528.446000	26.198812
528.570000	13.456238
528.693000	23.268119
528.817000	7.357228
528.940000	18.485941
529.064000	36.594851
529.187000	9.693861
529.310000	7.545347
529.434000	5.624554
529.557000	7.179010
529.680000	8.307723
529.804000	10.228515
529.927000	12.367129
530.051000	7.278020
530.174000	3.674059
530.297000	11.753267
530.421000	20.961188
530.544000	21.297822
530.668000	15.921584
530.791000	2.020594
530.914000	22.921584
531.038000	9.030495
531.161000	6.089901
531.284000	10.782970
531.408000	15.584950
531.531000	6.238416
531.654000	4.624554
531.778000	11.822574
531.901000	-0.207129
532.024000	16.080000
532.148000	6.159208
532.271000	13.030495
532.394000	15.575050
532.518000	27.139406
532.641000	24.347327
532.764000	30.099802
532.888000	23.485941
533.011000	2.792871
533.134000	1.228515
533.258000	24.693861
533.381000	5.119604
533.504000	8.466139
533.628000	8.060198
533.751000	16.763168
533.874000	11.862178
533.997000	10.723564
534.121000	1.862178
534.244000	7.753267
534.367000	6.317624
534.491000	10.327525
534.614000	10.367129
534.737000	16.436436
534.860000	15.446337
534.984000	3.575050
535.107000	5.010693
535.230000	11.842376
535.354000	8.911683
535.477000	-1.543762
535.600000	8.050297
535.723000	12.505743
535.847000	11.753267
535.970000	-2.256634
536.093000	12.931485
536.216000	2.268119
536.340000	15.020594
536.463000	2.386931
536.586000	17.743366
536.709000	14.941386
536.833000	17.139406
536.956000	8.693861
537.079000	5.575050
537.202000	19.238416
537.325000	4.872079
537.449000	-1.870495
537.572000	18.466139
537.695000	1.951287
537.818000	6.456238
537.941000	4.980990
538.065000	9.812673
538.188000	4.119604
538.311000	21.852277
538.434000	19.683960
538.558000	12.773069
538.681000	18.238416
538.804000	17.456238
538.927000	17.881980
539.050000	14.743366
539.173000	7.683960
539.297000	5.317624
539.420000	12.228515
539.543000	12.980990
539.666000	23.614653
539.789000	18.485941
539.913000	10.485941
540.036000	10.674059
540.159000	14.327525
540.282000	0.604752
540.405000	-1.811089
540.528000	6.584950
540.651000	17.198812
540.775000	6.208713
540.898000	13.713663
541.021000	9.040396
541.144000	15.377030
541.267000	14.693861
541.390000	6.386931
541.513000	18.297822
541.637000	7.129505
541.760000	5.832475
541.883000	4.773069
542.006000	15.782970
542.129000	25.070099
542.252000	5.515644
542.375000	11.575050
542.498000	9.099802
542.622000	18.495842
542.745000	13.862178
542.868000	10.980990
542.991000	20.604752
543.114000	22.406733
543.237000	28.664158
543.360000	26.773069
543.483000	14.208713
543.606000	18.307723
543.730000	25.584950
543.853000	7.654257
543.976000	6.327525
544.099000	16.159208
544.222000	13.099802
544.345000	1.733465
544.468000	6.436436
544.591000	11.555248
544.714000	13.802772
544.837000	27.377030
544.960000	14.089901
545.083000	20.485941
545.206000	13.337426
545.329000	23.327525
545.453000	8.565149
545.576000	10.347327
545.699000	7.297822
545.822000	12.792871
545.945000	20.198812
546.068000	5.634455
546.191000	16.555248
546.314000	9.505743
546.437000	20.278020
546.560000	16.179010
546.683000	11.852277
546.806000	19.941386
546.929000	8.515644
547.052000	0.268119
547.175000	5.505743
547.298000	17.584950
547.421000	0.060198
547.544000	1.723564
547.667000	14.951287
547.790000	12.149307
547.913000	-1.217030
548.036000	-3.811089
548.159000	10.297822
548.282000	9.218614
548.405000	3.040396
548.528000	14.396832
548.651000	6.575050
548.774000	12.921584
548.897000	17.941386
549.020000	30.604752
549.143000	28.812673
549.266000	13.584950
549.389000	18.881980
549.512000	4.188911
549.635000	24.515644
549.758000	20.832475
549.881000	5.406733
550.004000	9.614653
550.127000	9.832475
550.250000	5.040396
550.373000	-0.246733
550.496000	16.258218
550.619000	9.000792
550.742000	2.297822
550.865000	-5.068515
550.988000	15.119604
551.111000	23.753267
551.234000	16.297822
551.356000	1.010693
551.479000	-1.682376
551.602000	7.515644
551.725000	14.971089
551.848000	22.416634
551.971000	25.881980
552.094000	15.307723
552.217000	5.604752
552.340000	7.109703
552.463000	-4.098218
552.586000	12.258218
552.709000	5.723564
552.832000	10.594851
552.955000	16.911683
553.077000	20.703762
553.200000	16.485941
553.323000	-3.494257
553.446000	9.179010
553.569000	2.931485
553.692000	12.070099
553.815000	8.545347
553.938000	17.248317
554.061000	19.674059
554.184000	10.248317
554.306000	16.070099
554.429000	12.406733
554.552000	13.208713
554.675000	0.485941
554.798000	8.169109
554.921000	16.406733
555.044000	7.040396
555.167000	3.980990
555.290000	5.129505
555.412000	5.347327
555.535000	11.238416
555.658000	6.070099
555.781000	12.782970
555.904000	14.040396
556.027000	15.792871
556.150000	11.614653
556.272000	6.426535
556.395000	18.723564
556.518000	3.000792
556.641000	8.159208
556.764000	22.070099
556.887000	15.990891
557.010000	5.674059
557.132000	-5.682376
557.255000	8.307723
557.378000	18.446337
557.501000	9.149307
557.624000	15.782970
557.747000	13.862178
557.869000	15.347327
557.992000	20.911683
558.115000	18.634455
558.238000	6.238416
558.361000	16.159208
558.483000	27.584950
558.606000	14.862178
558.729000	3.129505
558.852000	31.089901
558.975000	26.901782
559.098000	20.980990
559.220000	15.862178
559.343000	12.367129
559.466000	12.980990
559.589000	5.634455
559.712000	15.634455
559.834000	14.495842
559.957000	10.634455
560.080000	12.377030
560.203000	21.099802
560.325000	26.733465
560.448000	27.852277
560.571000	12.446337
560.694000	7.753267
560.817000	24.159208
560.939000	9.099802
561.062000	3.278020
561.185000	11.228515
561.308000	9.535446
561.430000	-1.127921
561.553000	6.327525
561.676000	4.971089
561.799000	14.862178
561.921000	5.911683
562.044000	6.179010
562.167000	-0.494257
562.290000	27.842376
562.413000	22.030495
562.535000	19.842376
562.658000	-0.702178
562.781000	3.872079
562.903000	8.901782
563.026000	12.881980
563.149000	30.347327
563.272000	12.832475
563.394000	14.763168
563.517000	9.347327
563.640000	-0.860594
563.763000	5.149307
563.885000	18.485941
564.008000	26.743366
564.131000	17.218614
564.254000	1.010693
564.376000	11.070099
564.499000	-6.622970
564.622000	4.208713
564.744000	16.169109
564.867000	8.396832
564.990000	7.565149
565.113000	12.951287
565.235000	10.753267
565.358000	4.080000
565.481000	-4.920000
565.603000	4.129505
565.726000	3.307723
565.849000	21.040396
565.971000	18.228515
566.094000	0.723564
566.217000	10.921584
566.340000	10.020594
566.462000	12.198812
566.585000	14.159208
566.708000	25.842376
566.830000	13.040396
566.953000	24.169109
567.076000	9.822574
567.198000	8.822574
567.321000	-1.009109
567.444000	13.070099
567.566000	6.822574
567.689000	0.149307
567.812000	1.505743
567.934000	12.466139
568.057000	10.287921
568.180000	14.287921
568.302000	7.683960
568.425000	1.317624
568.548000	9.703762
568.670000	15.268119
568.793000	13.287921
568.916000	13.208713
569.038000	6.495842
569.161000	10.089901
569.283000	15.099802
569.406000	11.307723
569.529000	4.654257
569.651000	-0.682376
569.774000	1.525545
569.897000	3.287921
570.019000	23.119604
570.142000	20.525545
570.265000	11.901782
570.387000	8.535446
570.510000	17.129505
570.632000	19.644356
570.755000	6.921584
570.878000	5.703762
571.000000	16.317624
571.123000	5.030495
571.246000	20.911683
571.368000	6.367129
571.491000	7.644356
571.613000	0.842376
571.736000	-3.979406
571.859000	6.485941
571.981000	-0.058614
572.104000	0.862178
572.226000	13.139406
572.349000	-2.454653
572.472000	10.674059
572.594000	15.258218
572.717000	12.080000
572.839000	2.881980
572.962000	13.198812
573.085000	14.674059
573.207000	12.456238
573.330000	12.238416
573.452000	22.743366
573.575000	23.080000
573.697000	14.129505
573.820000	8.980990
573.943000	4.198812
574.065000	13.555248
574.188000	9.634455
574.310000	23.822574
574.433000	17.654257
574.555000	26.456238
574.678000	7.713663
574.801000	15.753267
574.923000	4.050297
575.046000	11.139406
575.168000	6.545347
575.291000	6.456238
575.413000	9.099802
575.536000	6.515644
575.659000	17.169109
575.781000	4.258218
575.904000	6.951287
576.026000	13.980990
576.149000	5.862178
576.271000	19.268119
576.394000	14.446337
576.516000	7.693861
576.639000	13.921584
576.761000	0.614653
576.884000	-1.177426
577.007000	6.406733
577.129000	15.763168
577.252000	10.228515
577.374000	27.406733
577.497000	8.258218
577.619000	11.109703
577.742000	3.208713
577.864000	21.278020
577.987000	16.515644
578.109000	23.990891
578.232000	15.307723
578.354000	25.476040
578.477000	6.456238
578.599000	7.070099
578.722000	6.852277
578.844000	4.060198
578.967000	14.476040
579.089000	7.575050
579.212000	-1.672475
579.334000	18.822574
579.457000	9.198812
579.579000	13.317624
579.702000	1.822574
579.824000	11.485941
579.947000	-0.325941
580.069000	0.555248
580.192000	-0.949703
580.314000	19.357228
580.437000	10.891881
580.559000	35.812673
580.682000	13.723564
580.804000	18.000792
580.927000	19.753267
581.049000	33.733465
581.172000	20.030495
581.294000	18.060198
581.417000	21.248317
581.539000	15.040396
581.662000	19.644356
581.784000	19.773069
581.907000	18.901782
582.029000	17.852277
582.152000	1.713663
582.274000	18.634455
582.396000	13.753267
582.519000	13.080000
582.641000	-1.088317
582.764000	6.792871
582.886000	23.258218
583.009000	6.763168
583.131000	7.258218
583.254000	10.020594
583.376000	25.050297
583.499000	18.763168
583.621000	14.773069
583.743000	22.763168
583.866000	17.753267
583.988000	11.713663
584.111000	19.614653
584.233000	17.604752
584.356000	20.000792
584.478000	12.337426
584.601000	-5.791287
584.723000	7.515644
584.845000	24.466139
584.968000	4.169109
585.090000	-3.444752
585.213000	15.901782
585.335000	0.367129
585.458000	7.139406
585.580000	6.832475
585.702000	19.525545
585.825000	18.495842
585.947000	10.406733
586.070000	-2.316040
586.192000	0.782970
586.315000	17.089901
586.437000	0.872079
586.559000	6.109703
586.682000	-0.702178
586.804000	15.495842
586.927000	6.099802
587.049000	6.357228
587.171000	21.258218
587.294000	17.693861
587.416000	28.000792
587.539000	9.664158
587.661000	2.535446
587.783000	2.753267
587.906000	6.743366
588.028000	15.050297
588.151000	14.872079
588.273000	23.654257
588.395000	8.406733
588.518000	5.792871
588.640000	9.872079
588.763000	23.050297
588.885000	18.941386
589.007000	20.367129
589.130000	-1.949703
589.252000	-3.781386
589.375000	11.367129
589.497000	9.169109
589.619000	13.040396
589.742000	10.822574
589.864000	22.278020
589.986000	12.495842
590.109000	-0.613069
590.231000	1.773069
590.354000	14.406733
590.476000	-3.583366
590.598000	2.832475
590.721000	-0.712079
590.843000	12.505743
590.965000	10.317624
591.088000	16.010693
591.210000	9.495842
591.332000	13.990891
591.455000	-4.811089
591.577000	2.723564
591.700000	9.515644
591.822000	10.743366
591.944000	11.634455
592.067000	9.822574
592.189000	10.099802
592.311000	15.386931
592.434000	7.238416
592.556000	16.872079
592.678000	11.723564
592.801000	12.159208
592.923000	11.228515
593.045000	6.208713
593.168000	14.891881
593.290000	8.842376
593.412000	19.386931
593.535000	4.436436
593.657000	4.535446
593.779000	10.832475
593.902000	19.139406
594.024000	14.386931
594.146000	21.634455
594.269000	18.535446
594.391000	-0.375446
594.513000	15.317624
594.636000	8.990891
594.758000	1.713663
594.880000	20.406733
595.003000	20.278020
595.125000	8.743366
595.247000	16.080000
595.370000	15.297822
595.492000	4.961188
595.614000	26.436436
595.737000	10.941386
595.859000	10.020594
595.981000	12.367129
596.104000	11.060198
596.226000	7.624554
596.348000	8.030495
596.471000	5.644356
596.593000	14.971089
596.715000	4.822574
596.838000	6.961188
596.960000	0.980990
597.082000	14.832475
597.204000	14.000792
597.327000	12.812673
597.449000	5.268119
597.571000	14.367129
597.694000	22.852277
597.816000	14.040396
597.938000	10.515644
598.061000	4.763168
598.183000	5.980990
598.305000	19.733465
598.427000	13.822574
598.550000	11.594851
598.672000	22.347327
598.794000	17.911683
598.917000	5.891881
599.039000	12.733465
599.161000	15.773069
599.283000	9.278020
599.406000	17.089901
599.528000	20.228515
599.650000	32.832475
599.773000	15.624554
599.895000	32.654257
600.017000	24.515644
600.139000	10.317624
600.262000	2.327525
600.384000	10.179010
600.506000	13.070099
600.628000	21.169109
600.751000	22.119604
600.873000	9.248317
600.995000	6.980990
601.118000	21.931485
601.240000	8.961188
601.362000	25.119604
601.484000	18.654257
601.607000	17.129505
601.729000	10.575050
601.851000	8.644356
601.973000	13.515644
602.096000	19.099802
602.218000	21.485941
602.340000	19.278020
602.462000	22.040396
602.585000	14.169109
602.707000	0.208713
602.829000	18.763168
602.951000	10.149307
603.074000	-1.167525
603.196000	15.129505
603.318000	3.971089
603.440000	21.010693
603.563000	12.743366
603.685000	0.317624
603.807000	16.149307
603.929000	14.238416
604.052000	19.654257
604.174000	20.278020
604.296000	16.634455
604.418000	19.971089
604.541000	28.713663
604.663000	6.119604
604.785000	12.089901
604.907000	13.555248
605.030000	4.456238
605.152000	38.238416
605.274000	9.961188
605.396000	10.238416
605.519000	10.426535
605.641000	7.931485
605.763000	10.238416
605.885000	12.584950
606.008000	9.198812
606.130000	15.604752
606.252000	19.674059
606.374000	-5.801188
606.496000	0.872079
606.619000	10.990891
606.741000	8.683960
606.863000	29.654257
606.985000	30.614653
607.108000	20.525545
607.230000	13.109703
607.352000	9.367129
607.474000	9.020594
607.596000	13.683960
607.719000	7.842376
607.841000	20.525545
607.963000	11.228515
608.085000	9.525545
608.207000	36.218614
608.330000	15.664158
608.452000	8.386931
608.574000	7.555248
608.696000	21.782970
608.819000	11.634455
608.941000	12.030495
609.063000	7.683960
609.185000	7.278020
609.307000	14.674059
609.430000	23.198812
609.552000	16.060198
609.674000	-3.226931
609.796000	15.980990
609.918000	20.733465
610.041000	8.881980
610.163000	17.990891
610.285000	10.891881
610.407000	15.505743
610.529000	-2.147723
610.652000	11.179010
610.774000	16.446337
610.896000	10.060198
611.018000	11.000792
611.140000	8.228515
611.263000	2.060198
611.385000	2.782970
611.507000	15.149307
611.629000	2.238416
611.751000	14.723564
611.873000	33.693861
611.996000	15.842376
612.118000	20.426535
612.240000	7.010693
612.362000	17.476040
612.484000	22.634455
612.607000	17.822574
612.729000	27.000792
612.851000	15.248317
612.973000	4.495842
613.095000	4.703762
613.218000	11.832475
613.340000	22.535446
613.462000	15.812673
613.584000	13.010693
613.706000	10.347327
613.828000	33.396832
613.951000	12.020594
614.073000	9.000792
614.195000	-3.177426
614.317000	25.476040
614.439000	21.485941
614.561000	18.307723
614.684000	17.268119
614.806000	19.436436
614.928000	18.307723
615.050000	15.149307
615.172000	22.119604
615.294000	21.020594
615.417000	12.050297
615.539000	4.317624
615.661000	13.208713
615.783000	28.367129
615.905000	28.406733
616.027000	66.773069
616.150000	104.674059
616.272000	84.099802
616.394000	53.594851
616.516000	37.921584
616.638000	23.971089
616.760000	15.119604
616.883000	15.634455
617.005000	7.921584
617.127000	9.396832
617.249000	12.535446
617.371000	13.466139
617.493000	9.169109
617.615000	17.644356
617.738000	12.377030
617.860000	14.416634
617.982000	11.773069
618.104000	8.753267
618.226000	-0.098218
618.348000	-1.405149
618.471000	14.842376
618.593000	16.654257
618.715000	1.406733
618.837000	11.357228
618.959000	13.416634
619.081000	23.060198
619.203000	11.792871
619.326000	11.367129
619.448000	11.485941
619.570000	14.693861
619.692000	12.881980
619.814000	18.891881
619.936000	15.951287
620.058000	18.099802
620.181000	14.594851
620.303000	10.297822
620.425000	16.941386
620.547000	6.020594
620.669000	7.723564
620.791000	10.208713
620.913000	6.426535
621.036000	2.020594
621.158000	12.832475
621.280000	16.693861
621.402000	-1.662574
621.524000	5.248317
621.646000	12.555248
621.768000	0.169109
621.891000	-6.939802
622.013000	11.327525
622.135000	1.753267
622.257000	0.386931
622.379000	5.179010
622.501000	8.099802
622.623000	9.020594
622.745000	8.703762
622.868000	11.703762
622.990000	9.347327
623.112000	8.693861
623.234000	6.436436
623.356000	14.070099
623.478000	0.644356
623.600000	17.426535
623.722000	7.416634
623.845000	13.634455
623.967000	5.327525
624.089000	13.119604
624.211000	6.248317
624.333000	15.139406
624.455000	13.208713
624.577000	8.337426
624.699000	18.119604
624.822000	11.693861
624.944000	3.941386
625.066000	8.070099
625.188000	2.248317
625.310000	11.436436
625.432000	27.436436
625.554000	9.050297
625.676000	26.971089
625.799000	5.198812
625.921000	9.159208
626.043000	11.080000
626.165000	9.733465
626.287000	-10.058614
626.409000	14.812673
626.531000	4.446337
626.653000	9.099802
626.775000	13.763168
626.898000	9.951287
627.020000	7.832475
627.142000	20.961188
627.264000	12.347327
627.386000	3.297822
627.508000	11.525545
627.630000	5.139406
627.752000	16.307723
627.874000	12.040396
627.997000	17.208713
628.119000	20.307723
628.241000	21.515644
628.363000	22.584950
628.485000	15.297822
628.607000	9.278020
628.729000	4.119604
628.851000	1.188911
628.973000	9.515644
629.096000	-1.870495
629.218000	9.337426
629.340000	14.485941
629.462000	1.634455
629.584000	4.723564
629.706000	11.248317
629.828000	23.456238
629.950000	14.278020
630.072000	5.317624
630.195000	9.297822
630.317000	13.367129
630.439000	8.466139
630.561000	13.188911
630.683000	2.466139
630.805000	14.238416
630.927000	18.129505
631.049000	8.693861
631.171000	2.842376
631.293000	12.208713
631.416000	14.208713
631.538000	7.703762
631.660000	8.446337
631.782000	18.832475
631.904000	24.109703
632.026000	5.575050
632.148000	13.386931
632.270000	1.832475
632.392000	12.951287
632.514000	13.782970
632.637000	14.763168
632.759000	7.485941
632.881000	-0.860594
633.003000	1.386931
633.125000	0.713663
633.247000	5.485941
633.369000	6.664158
633.491000	10.654257
633.613000	18.921584
633.735000	3.990891
633.858000	14.377030
633.980000	12.179010
634.102000	-1.375446
634.224000	3.179010
634.346000	5.782970
634.468000	11.159208
634.590000	11.683960
634.712000	10.555248
634.834000	13.951287
634.956000	0.852277
635.078000	-0.593267
635.201000	0.129505
635.323000	9.901782
635.445000	0.466139
635.567000	-6.316040
635.689000	14.881980
635.811000	11.278020
635.933000	8.792871
636.055000	8.119604
636.177000	7.337426
636.299000	20.060198
636.421000	2.139406
636.544000	-4.910099
636.666000	13.109703
636.788000	13.654257
636.910000	14.555248
637.032000	5.703762
637.154000	14.169109
637.276000	34.693861
637.398000	23.367129
637.520000	19.040396
637.642000	10.862178
637.764000	10.872079
637.887000	5.931485
638.009000	7.119604
638.131000	6.347327
638.253000	2.466139
638.375000	14.406733
638.497000	12.179010
638.619000	-0.771485
638.741000	8.208713
638.863000	-6.880396
638.985000	-1.068515
639.107000	5.060198
639.230000	3.911683
639.352000	19.070099
639.474000	8.198812
639.596000	7.139406
639.718000	4.822574
639.840000	8.713663
639.962000	10.020594
640.084000	20.753267
640.206000	18.535446
640.328000	1.921584
640.450000	11.198812
640.573000	6.862178
640.695000	5.683960
640.817000	10.802772
640.939000	19.000792
641.061000	6.654257
641.183000	5.208713
641.305000	4.713663
641.427000	4.258218
641.549000	8.198812
641.671000	11.278020
641.793000	5.416634
641.915000	19.545347
642.038000	8.169109
642.160000	8.198812
642.282000	6.317624
642.404000	5.070099
642.526000	12.060198
642.648000	7.466139
642.770000	6.604752
642.892000	3.070099
643.014000	20.080000
643.136000	12.802772
643.258000	9.030495
643.381000	24.258218
643.503000	25.822574
643.625000	6.188911
643.747000	-3.593267
643.869000	4.703762
643.991000	15.575050
644.113000	12.782970
644.235000	6.604752
644.357000	9.921584
644.479000	17.317624
644.601000	4.951287
644.723000	4.832475
644.846000	12.773069
644.968000	7.584950
645.090000	6.792871
645.212000	1.377030
645.334000	14.713663
645.456000	15.891881
645.578000	16.287921
645.700000	12.347327
645.822000	14.990891
645.944000	12.238416
646.066000	8.802772
646.188000	2.218614
646.311000	25.080000
646.433000	10.594851
646.555000	46.594851
646.677000	42.713663
646.799000	34.416634
646.921000	22.367129
647.043000	30.278020
647.165000	1.505743
647.287000	9.337426
647.409000	8.169109
647.531000	21.188911
647.654000	-6.672475
647.776000	18.852277
647.898000	15.644356
648.020000	5.565149
648.142000	1.416634
648.264000	3.862178
648.386000	3.317624
648.508000	-1.197228
648.630000	2.287921
648.752000	11.842376
648.874000	5.723564
648.997000	9.169109
649.119000	19.713663
649.241000	7.921584
649.363000	24.436436
649.485000	17.792871
649.607000	4.297822
649.729000	-1.454653
649.851000	5.020594
649.973000	7.575050
650.095000	14.119604
650.217000	-0.593267
650.340000	2.297822
650.462000	12.703762
650.584000	9.961188
650.706000	16.604752
650.828000	16.159208
650.950000	-4.563564
651.072000	14.753267
651.194000	0.782970
651.316000	4.743366
651.438000	11.377030
651.560000	-2.385347
651.683000	-0.415050
651.805000	9.584950
651.927000	6.456238
652.049000	4.228515
652.171000	7.654257
652.293000	8.268119
652.415000	-0.028911
652.537000	-2.820990
652.659000	-0.246733
652.781000	13.575050
652.903000	18.575050
653.026000	27.377030
653.148000	14.693861
653.270000	11.980990
653.392000	15.089901
653.514000	5.792871
653.636000	7.792871
653.758000	9.971089
653.880000	4.139406
654.002000	5.080000
654.124000	8.297822
654.247000	6.990891
654.369000	23.693861
654.491000	12.129505
654.613000	13.990891
654.735000	7.367129
654.857000	24.000792
654.979000	18.446337
655.101000	24.297822
655.223000	44.377030
655.345000	25.495842
655.468000	29.307723
655.590000	20.575050
655.712000	29.515644
655.834000	25.060198
655.956000	36.337426
656.078000	31.367129
656.200000	42.555248
656.322000	37.238416
656.444000	22.089901
656.566000	48.297822
656.689000	49.951287
656.811000	60.872079
656.933000	92.030495
657.055000	92.515644
657.177000	155.842376
657.299000	248.822574
657.421000	503.971089
657.543000	1885.773069
657.665000	12568.188911
657.787000	15174.515644
657.910000	15276.080000
658.032000	15663.080000
658.154000	4652.743366
658.276000	3695.337426
658.398000	1201.792871
658.520000	1042.258218
658.642000	488.565149
658.764000	597.951287
658.886000	276.060198
659.009000	411.822574
659.131000	219.792871
659.253000	315.575050
659.375000	162.169109
659.497000	245.921584
659.619000	137.832475
659.741000	204.693861
659.863000	99.911683
659.985000	164.268119
660.108000	98.723564
660.230000	147.020594
660.352000	82.683960
660.474000	144.812673
660.596000	79.565149
660.718000	133.208713
660.840000	64.436436
660.962000	119.703762
661.084000	53.010693
661.207000	99.010693
661.329000	61.030495
661.451000	92.495842
661.573000	48.070099
661.695000	105.812673
661.817000	58.337426
661.939000	102.713663
662.061000	66.367129
662.184000	73.911683
662.306000	39.733465
662.428000	75.664158
662.550000	53.070099
662.672000	65.733465
662.794000	42.961188
662.916000	64.396832
663.038000	34.307723
663.161000	79.901782
663.283000	46.327525
663.405000	69.693861
663.527000	30.248317
663.649000	66.773069
663.771000	31.050297
663.893000	55.852277
664.015000	33.555248
664.138000	49.941386
664.260000	30.644356
664.382000	54.426535
664.504000	20.634455
664.626000	34.584950
664.748000	20.208713
664.870000	37.258218
664.992000	35.149307
665.115000	53.268119
665.237000	26.584950
665.359000	35.040396
665.481000	23.594851
665.603000	47.357228
665.725000	19.763168
665.847000	25.575050
665.970000	19.674059
666.092000	45.901782
666.214000	30.505743
666.336000	37.733465
666.458000	28.862178
666.580000	40.822574
666.702000	10.674059
666.825000	32.169109
666.947000	7.040396
667.069000	37.862178
667.191000	20.050297
667.313000	42.258218
667.435000	10.525545
667.557000	22.119604
667.680000	8.505743
667.802000	26.238416
667.924000	14.149307
668.046000	39.357228
668.168000	25.218614
668.290000	46.664158
668.412000	17.238416
668.535000	33.980990
668.657000	16.535446
668.779000	24.188911
668.901000	20.337426
669.023000	37.872079
669.145000	15.931485
669.267000	39.624554
669.390000	19.139406
669.512000	28.971089
669.634000	15.693861
669.756000	21.169109
669.878000	17.070099
670.000000	32.188911
670.123000	10.901782
670.245000	33.773069
670.367000	19.426535
670.489000	33.010693
670.611000	9.713663
670.733000	16.555248
670.856000	9.763168
670.978000	29.149307
671.100000	22.713663
671.222000	31.911683
671.344000	14.099802
671.466000	17.080000
671.589000	3.872079
671.711000	16.416634
671.833000	5.654257
671.955000	22.713663
672.077000	7.446337
672.199000	37.070099
672.322000	31.881980
672.444000	25.822574
672.566000	25.080000
672.688000	22.733465
672.810000	20.070099
672.932000	30.396832
673.055000	10.198812
673.177000	10.149307
673.299000	15.980990
673.421000	10.802772
673.543000	12.624554
673.665000	31.179010
673.788000	18.674059
673.910000	13.060198
674.032000	-2.890297
674.154000	17.822574
674.276000	18.664158
674.399000	12.139406
674.521000	9.911683
674.643000	23.208713
674.765000	5.782970
674.887000	24.436436
675.009000	9.743366
675.132000	12.208713
675.254000	8.386931
675.376000	18.773069
675.498000	12.525545
675.620000	32.951287
675.743000	11.188911
675.865000	27.941386
675.987000	2.614653
676.109000	17.971089
676.231000	17.050297
676.354000	37.832475
676.476000	6.495842
676.598000	25.545347
676.720000	12.693861
676.842000	24.604752
676.965000	10.218614
677.087000	21.446337
677.209000	17.872079
677.331000	26.188911
677.453000	13.802772
677.576000	16.268119
677.698000	15.010693
677.820000	19.386931
677.942000	3.000792
678.064000	13.416634
678.187000	12.575050
678.309000	16.139406
678.431000	6.436436
678.553000	15.614653
678.675000	27.327525
678.798000	29.773069
678.920000	11.030495
679.042000	14.911683
679.164000	3.505743
679.286000	25.881980
679.409000	7.931485
679.531000	0.971089
679.653000	4.188911
679.775000	9.891881
679.898000	3.268119
680.020000	7.347327
680.142000	-0.098218
680.264000	20.743366
680.386000	-2.920000
680.509000	20.683960
680.631000	15.109703
680.753000	15.782970
680.875000	-0.286337
680.998000	17.317624
681.120000	6.842376
681.242000	19.535446
681.364000	-2.385347
681.486000	12.476040
681.609000	-0.504158
681.731000	1.594851
681.853000	-0.127921
681.975000	7.317624
682.098000	17.010693
682.220000	29.971089
682.342000	8.604752
682.464000	27.000792
682.587000	9.476040
682.709000	11.060198
682.831000	-3.721980
682.953000	5.832475
683.076000	4.317624
683.198000	18.218614
683.320000	11.535446
683.442000	17.832475
683.565000	17.030495
683.687000	9.743366
683.809000	4.852277
683.931000	-0.920000
684.054000	15.505743
684.176000	16.812673
684.298000	14.396832
684.420000	9.901782
684.543000	5.179010
684.665000	12.773069
684.787000	3.832475
684.909000	5.931485
685.032000	15.505743
685.154000	-0.731881
685.276000	8.683960
685.398000	7.644356
685.521000	-3.375446
685.643000	15.505743
685.765000	12.535446
685.887000	19.456238
686.010000	12.149307
686.132000	13.654257
686.254000	14.961188
686.377000	19.317624
686.499000	11.575050
686.621000	20.159208
686.743000	14.980990
686.866000	12.703762
686.988000	29.881980
687.110000	24.743366
687.232000	9.169109
687.355000	1.159208
687.477000	8.297822
687.599000	18.505743
687.722000	3.822574
687.844000	12.862178
687.966000	9.109703
688.088000	15.080000
688.211000	29.654257
688.333000	21.495842
688.455000	11.980990
688.578000	23.238416
688.700000	15.872079
688.822000	15.614653
688.944000	-6.464554
689.067000	45.337426
689.189000	11.129505
689.311000	-0.405149
689.434000	3.644356
689.556000	14.951287
689.678000	15.060198
689.801000	5.248317
689.923000	11.881980
690.045000	27.099802
690.167000	25.436436
690.290000	23.881980
690.412000	8.099802
690.534000	18.832475
690.657000	4.921584
690.779000	7.436436
690.901000	15.515644
691.024000	11.990891
691.146000	4.901782
691.268000	3.436436
691.391000	15.367129
691.513000	23.010693
691.635000	18.773069
691.758000	27.129505
691.880000	19.456238
692.002000	5.367129
692.125000	5.980990
692.247000	8.505743
692.369000	3.020594
692.492000	2.208713
692.614000	4.842376
692.736000	7.703762
692.859000	3.149307
692.981000	6.000792
693.103000	4.901782
693.226000	15.278020
693.348000	26.822574
693.470000	12.337426
693.593000	6.713663
693.715000	-4.256634
693.837000	-1.454653
693.960000	2.287921
694.082000	-2.098218
694.204000	14.495842
694.327000	8.030495
694.449000	-2.078416
694.571000	7.753267
694.694000	17.109703
694.816000	14.911683
694.938000	5.515644
695.061000	9.723564
695.183000	13.476040
695.305000	8.505743
695.428000	16.317624
695.550000	-1.335842
695.672000	2.446337
695.795000	17.881980
695.917000	26.080000
696.040000	6.000792
696.162000	6.198812
696.284000	8.119604
696.407000	10.169109
696.529000	7.367129
696.651000	28.773069
696.774000	5.555248
696.896000	22.020594
697.019000	11.060198
697.141000	12.416634
697.263000	4.584950
697.386000	3.485941
697.508000	6.149307
697.630000	17.525545
697.753000	11.743366
697.875000	9.723564
697.998000	1.961188
698.120000	16.723564
698.242000	8.278020
698.365000	9.070099
698.487000	7.188911
698.610000	15.743366
698.732000	12.060198
698.854000	22.426535
698.977000	7.070099
699.099000	19.654257
699.221000	2.109703
699.344000	7.030495
699.466000	8.357228
699.589000	11.466139
699.711000	-0.583366
699.834000	8.584950
699.956000	8.644356
700.078000	9.773069
700.201000	1.099802
700.323000	23.446337
700.446000	11.109703
700.568000	5.258218
700.690000	13.208713
700.813000	15.297822
700.935000	3.565149
701.058000	8.594851
701.180000	7.832475
701.302000	9.188911
701.425000	0.535446
701.547000	12.951287
701.670000	3.456238
701.792000	12.485941
701.915000	1.159208
702.037000	1.921584
702.159000	8.971089
702.282000	12.614653
702.404000	3.406733
702.527000	15.198812
702.649000	25.515644
702.772000	18.228515
702.894000	9.525545
703.017000	17.268119
703.139000	15.614653
703.261000	24.208713
703.384000	14.881980
703.506000	-3.504158
703.629000	2.327525
703.751000	15.208713
703.874000	10.099802
703.996000	1.327525
704.119000	-3.009109
704.241000	14.802772
704.364000	-3.969505
704.486000	14.525545
704.608000	13.654257
704.731000	8.268119
704.853000	13.941386
704.976000	4.268119
705.098000	12.307723
705.221000	6.327525
705.343000	7.278020
705.466000	15.109703
705.588000	15.753267
705.711000	13.139406
705.833000	14.881980
705.956000	9.406733
706.078000	15.159208
706.201000	10.852277
706.323000	6.456238
706.446000	3.555248
