639.567000	-50.186535
639.602000	-50.186535
639.636000	-50.186535
639.670000	-41.909307
639.704000	-16.691485
639.738000	-2.156832
639.773000	10.734257
639.807000	-14.226139
639.841000	-0.740990
639.875000	10.645149
639.909000	-0.661782
639.943000	-8.612277
639.978000	-4.711287
640.012000	1.803564
640.046000	10.971881
640.080000	4.219406
640.114000	1.219406
640.148000	-8.483564
640.182000	-7.513267
640.217000	-2.701386
640.251000	15.763960
640.285000	7.417426
640.319000	-8.008317
640.353000	0.189703
640.387000	3.348119
640.421000	-1.731089
640.455000	-3.028119
640.490000	-3.424158
640.524000	-1.453861
640.558000	6.882772
640.592000	0.714455
640.626000	1.615446
640.660000	6.130297
640.694000	-7.295446
640.728000	4.496634
640.762000	7.991683
640.796000	15.090693
640.830000	15.496634
640.865000	-3.463762
640.899000	1.793663
640.933000	-0.226139
640.967000	0.041188
641.001000	4.199604
641.035000	2.892673
641.069000	1.476832
641.103000	-6.622178
641.137000	-2.127129
641.171000	-10.414257
641.205000	6.447129
641.239000	1.932277
641.273000	11.744158
641.307000	8.734257
641.341000	2.536238
641.375000	0.803564
641.409000	-3.661782
641.443000	-0.572673
641.477000	5.793663
641.511000	7.942178
641.545000	6.110495
641.579000	-0.067723
641.614000	7.358020
641.648000	7.565941
641.682000	-7.285545
641.716000	7.110495
641.750000	13.298614
641.784000	1.892673
641.818000	0.199604
641.852000	4.249109
641.886000	-4.038020
641.919000	21.763960
641.953000	1.625347
641.987000	-11.443960
642.021000	-1.038020
642.055000	5.070891
642.089000	3.843168
642.123000	-7.612277
642.157000	-4.137030
642.191000	-4.849901
642.225000	8.239208
642.259000	-1.830099
642.293000	9.744158
642.327000	3.328317
642.361000	-3.245941
642.395000	8.615446
642.429000	11.615446
642.463000	9.021386
642.497000	15.179802
642.531000	1.060990
642.565000	-3.533069
642.599000	6.358020
642.633000	-8.770693
642.666000	10.229307
642.700000	10.942178
642.734000	11.387723
642.768000	-6.008317
642.802000	-0.117228
642.836000	5.823366
642.870000	-1.196436
642.904000	5.130297
642.938000	8.635248
642.972000	-0.305347
643.005000	2.041188
643.039000	12.981782
643.073000	0.694653
643.107000	7.447129
643.141000	2.427327
643.175000	3.971881
643.209000	1.902574
643.243000	1.833267
643.276000	5.377822
643.310000	-1.849901
643.344000	-1.840000
643.378000	1.783762
643.412000	10.328317
643.446000	4.694653
643.480000	-3.384554
643.513000	5.813465
643.547000	1.942178
643.581000	-4.265743
643.615000	7.338218
643.649000	3.100594
643.683000	2.684752
643.716000	-0.909307
643.750000	4.486733
643.784000	-11.463762
643.818000	7.437228
643.852000	-2.008317
643.886000	1.348119
643.919000	7.942178
643.953000	0.843168
643.987000	-0.582574
644.021000	9.328317
644.055000	7.942178
644.088000	1.051089
644.122000	-7.117228
644.156000	-4.404356
644.190000	1.833267
644.224000	1.546139
644.257000	5.674851
644.291000	10.942178
644.325000	4.872871
644.359000	-0.840000
644.392000	17.308515
644.426000	12.763960
644.460000	2.971881
644.494000	3.437228
644.527000	-5.344950
644.561000	3.407525
644.595000	0.813465
644.629000	-5.018218
644.662000	-2.592475
644.696000	13.466931
644.730000	4.229307
644.764000	5.684752
644.797000	0.239208
644.831000	2.070891
644.865000	10.744158
644.899000	4.526337
644.932000	20.090693
644.966000	1.536238
645.000000	10.229307
645.033000	15.466931
645.067000	-2.988515
645.101000	6.080792
645.135000	0.090693
645.168000	-2.443960
645.202000	-3.919208
645.236000	1.328317
645.269000	8.991683
645.303000	-1.899406
645.337000	-10.681584
645.370000	-4.315248
645.404000	3.466931
645.438000	1.278812
645.471000	-1.711287
645.505000	7.278812
645.539000	1.447129
645.572000	-8.028119
645.606000	-4.929109
645.640000	2.862970
645.673000	2.882772
645.707000	17.763960
645.741000	1.813465
645.774000	-8.107327
645.808000	4.902574
645.842000	-3.800396
645.875000	7.011485
645.909000	-5.542970
645.943000	-5.146931
645.976000	3.011485
646.010000	7.872871
646.043000	11.447129
646.077000	9.823366
646.111000	6.823366
646.144000	10.922376
646.178000	9.773861
646.212000	-10.335050
646.245000	-2.443960
646.279000	4.892673
646.312000	7.100594
646.346000	12.476832
646.380000	-0.236040
646.413000	6.674851
646.447000	4.496634
646.480000	0.259010
646.514000	8.674851
646.547000	-2.424158
646.581000	-3.453861
646.615000	-0.434059
646.648000	-5.018218
646.682000	1.813465
646.715000	-2.186535
646.749000	6.823366
646.782000	-1.542970
646.816000	-3.859802
646.850000	5.763960
646.883000	-3.622178
646.917000	6.457030
646.950000	3.744158
646.984000	3.991683
647.017000	0.367921
647.051000	4.912475
647.084000	4.318416
647.118000	-4.523168
647.151000	-0.830099
647.185000	5.813465
647.218000	-7.740990
647.252000	5.229307
647.285000	-8.691485
647.319000	-9.849901
647.353000	3.308515
647.386000	15.843168
647.420000	3.892673
647.453000	1.605545
647.487000	3.892673
647.520000	3.655050
647.553000	4.823366
647.587000	0.407525
647.620000	-2.394455
647.654000	3.605545
647.687000	4.338218
647.721000	7.417426
647.754000	4.655050
647.788000	2.714455
647.821000	-5.414257
647.855000	6.219406
647.888000	10.140198
647.922000	11.952079
647.955000	6.209505
647.989000	3.377822
648.022000	2.268911
648.055000	9.585743
648.089000	0.763960
648.122000	21.704554
648.156000	-0.285545
648.189000	-0.453861
648.223000	6.605545
648.256000	16.219406
648.290000	6.763960
648.323000	1.615446
648.356000	9.823366
648.390000	5.615446
648.423000	4.110495
648.457000	-0.602376
648.490000	8.862970
648.523000	8.466931
648.557000	-0.830099
648.590000	-2.443960
648.624000	2.209505
648.657000	4.031287
648.690000	15.476832
648.724000	9.189703
648.757000	14.169901
648.791000	10.110495
648.824000	7.070891
648.857000	17.823366
648.891000	3.754059
648.924000	3.189703
648.957000	14.348119
648.991000	-7.028119
649.024000	10.367921
649.057000	-1.503366
649.091000	-3.404356
649.124000	9.565941
649.158000	9.615446
649.191000	20.625347
649.224000	4.219406
649.258000	6.724356
649.291000	6.882772
649.324000	4.902574
649.358000	3.427327
649.391000	6.546139
649.424000	3.526337
649.458000	0.140198
649.491000	1.843168
649.524000	-6.196436
649.557000	-7.255842
649.591000	-14.236040
649.624000	11.447129
649.657000	-7.146931
649.691000	-0.028119
649.724000	2.625347
649.757000	2.130297
649.791000	-5.176634
649.824000	14.932277
649.857000	10.051089
649.890000	2.902574
649.924000	-10.978614
649.957000	-2.226139
649.990000	-10.671683
650.023000	-2.255842
650.057000	-2.523168
650.090000	5.427327
650.123000	1.278812
650.157000	11.882772
650.190000	16.803564
650.223000	-1.443960
650.256000	-9.325149
650.290000	-2.245941
650.323000	1.912475
650.356000	7.862970
650.389000	-2.077624
650.423000	-7.671683
650.456000	2.348119
650.489000	1.011485
650.522000	4.417426
650.555000	14.476832
650.589000	10.437228
650.622000	1.981782
650.655000	10.575842
650.688000	4.684752
650.721000	-0.820198
650.755000	1.952079
650.788000	8.754059
650.821000	1.080792
650.854000	1.754059
650.887000	4.437228
650.921000	-1.434059
650.954000	-4.542970
650.987000	1.090693
651.020000	-5.057822
651.053000	-9.117228
651.087000	-9.750891
651.120000	16.981782
651.153000	7.853069
651.186000	0.813465
651.219000	-9.483564
651.252000	7.189703
651.286000	7.694653
651.319000	-3.671683
651.352000	-0.028119
651.385000	3.229307
651.418000	3.051089
651.451000	12.169901
651.484000	6.625347
651.518000	-5.780594
651.551000	18.763960
651.584000	-4.424158
651.617000	14.556040
651.650000	5.318416
651.683000	12.358020
651.716000	-1.087525
651.749000	-8.057822
651.783000	-1.849901
651.816000	1.496634
651.849000	7.348119
651.882000	3.150099
651.915000	-1.939010
651.948000	5.704554
651.981000	-4.632079
652.014000	-11.622178
652.047000	-10.067723
652.080000	-7.800396
652.114000	1.447129
652.147000	-4.542970
652.180000	4.823366
652.213000	23.823366
652.246000	-0.503366
652.279000	-5.830099
652.312000	9.060990
652.345000	-1.562772
652.378000	5.407525
652.411000	15.526337
652.444000	6.367921
652.477000	0.674851
652.510000	-0.077624
652.543000	-12.077624
652.576000	2.239208
652.609000	-6.899406
652.642000	1.536238
652.675000	11.575842
652.709000	2.853069
652.742000	6.684752
652.775000	2.575842
652.808000	8.219406
652.841000	1.803564
652.874000	1.902574
652.907000	1.130297
652.940000	-4.087525
652.973000	-10.473663
653.006000	-4.948911
653.039000	-1.097426
653.072000	3.259010
653.105000	-1.533069
653.138000	-12.008317
653.171000	-5.711287
653.204000	-1.335050
653.237000	4.496634
653.270000	-5.107327
653.303000	5.486733
653.336000	7.763960
653.368000	-5.087525
653.401000	1.387723
653.434000	-4.909307
653.467000	4.546139
653.500000	-8.721188
653.533000	-10.117228
653.566000	1.219406
653.599000	0.932277
653.632000	2.724356
653.665000	3.060990
653.698000	-9.008317
653.731000	-7.988515
653.764000	6.763960
653.797000	0.625347
653.830000	6.209505
653.863000	1.377822
653.896000	-0.968713
653.929000	-0.572673
653.961000	5.060990
653.994000	-0.245941
654.027000	-8.641980
654.060000	4.011485
654.093000	4.872871
654.126000	4.367921
654.159000	-6.047921
654.192000	3.060990
654.225000	-1.721188
654.258000	-4.077624
654.290000	-1.047921
654.323000	3.239208
654.356000	-3.958812
654.389000	2.872871
654.422000	-0.681584
654.455000	1.338218
654.488000	2.882772
654.521000	-11.810297
654.553000	-8.869703
654.586000	7.031287
654.619000	0.674851
654.652000	-2.542970
654.685000	7.516436
654.718000	8.070891
654.751000	8.358020
654.783000	-2.909307
654.816000	14.209505
654.849000	1.793663
654.882000	-5.929109
654.915000	-11.820198
654.948000	-1.057822
654.980000	-4.701386
655.013000	-2.978614
655.046000	-4.810297
655.079000	-7.958812
655.112000	1.833267
655.144000	-9.424158
655.177000	3.060990
655.210000	10.595644
655.243000	12.328317
655.276000	4.358020
655.308000	-3.216238
655.341000	-9.731089
655.374000	4.298614
655.407000	-5.344950
655.440000	-4.038020
655.472000	6.833267
655.505000	1.684752
655.538000	-2.622178
655.571000	7.922376
655.603000	-1.572673
655.636000	-3.483564
655.669000	5.981782
655.702000	-0.641980
655.734000	-10.780594
655.767000	-6.107327
655.800000	1.100594
655.833000	1.585743
655.865000	5.575842
655.898000	-3.374653
655.931000	-3.325149
655.964000	1.367921
655.996000	-1.671683
656.029000	6.457030
656.062000	-2.137030
656.095000	-2.018218
656.127000	-10.740990
656.160000	-1.681584
656.193000	-0.424158
656.225000	4.833267
656.258000	5.615446
656.291000	0.932277
656.324000	5.160000
656.356000	8.080792
656.389000	4.754059
656.422000	9.853069
656.454000	-6.245941
656.487000	1.922376
656.520000	5.902574
656.552000	-2.117228
656.585000	1.407525
656.618000	10.575842
656.650000	10.971881
656.683000	-1.374653
656.716000	3.605545
656.748000	-0.483564
656.781000	-3.909307
656.814000	-7.097426
656.846000	6.150099
656.879000	-3.374653
656.912000	0.476832
656.944000	-13.038020
656.977000	-8.552871
657.010000	-1.790495
657.042000	6.338218
657.075000	9.249109
657.108000	-4.305347
657.140000	5.407525
657.173000	12.694653
657.205000	23.932277
657.238000	9.169901
657.271000	3.466931
657.303000	-7.810297
657.336000	2.377822
657.369000	0.229307
657.401000	-0.028119
657.434000	-0.137030
657.466000	4.872871
657.499000	-0.344950
657.532000	-2.245941
657.564000	8.179802
657.597000	-1.404356
657.629000	4.783762
657.662000	1.199604
657.694000	1.239208
657.727000	-12.038020
657.760000	8.041188
657.792000	-6.018218
657.825000	-6.493465
657.857000	-2.592475
657.890000	-2.424158
657.922000	9.041188
657.955000	-8.394455
657.987000	1.268911
658.020000	10.585743
658.053000	9.744158
658.085000	3.575842
658.118000	3.714455
658.150000	9.268911
658.183000	17.041188
658.215000	0.437228
658.248000	-4.107327
658.280000	-3.770693
658.313000	11.645149
658.345000	6.763960
658.378000	0.288713
658.410000	-1.760792
658.443000	8.674851
658.475000	1.427327
658.508000	-3.463762
658.540000	-1.533069
658.573000	-6.939010
658.605000	1.546139
658.638000	-1.077624
658.670000	-0.701386
658.703000	1.763960
658.735000	-9.117228
658.768000	2.150099
658.800000	-10.236040
658.833000	16.060990
658.865000	3.268911
658.898000	-0.632079
658.930000	-4.572673
658.963000	-2.384554
658.995000	-12.008317
659.028000	2.961980
659.060000	-0.255842
659.092000	-1.740990
659.125000	-4.889505
659.157000	6.862970
659.190000	-5.384554
659.222000	-4.909307
659.255000	3.387723
659.287000	2.199604
659.320000	-1.067723
659.352000	1.397624
659.384000	9.169901
659.417000	-3.869703
659.449000	4.526337
659.482000	8.773861
659.514000	-6.859802
659.546000	-1.127129
659.579000	-10.632079
659.611000	1.605545
659.644000	-2.632079
659.676000	-8.671683
659.708000	-8.879604
659.741000	-6.988515
659.773000	6.110495
659.806000	2.783762
659.838000	1.447129
659.870000	0.585743
659.903000	-7.592475
659.935000	6.635248
659.967000	5.714455
660.000000	4.991683
660.032000	-16.701386
660.065000	11.179802
660.097000	2.615446
660.129000	0.486733
660.162000	-11.226139
660.194000	5.298614
660.226000	5.031287
660.259000	6.377822
660.291000	-2.473663
660.323000	-3.483564
660.356000	1.833267
660.388000	-4.671683
660.420000	-1.463762
660.453000	6.981782
660.485000	7.466931
660.517000	12.070891
660.550000	12.367921
660.582000	0.981782
660.614000	8.922376
660.647000	-2.483564
660.679000	-13.592475
660.711000	4.793663
660.743000	-9.523168
660.776000	-8.919208
660.808000	-4.335050
660.840000	-4.750891
660.873000	0.249109
660.905000	-0.166733
660.937000	-1.483564
660.969000	0.189703
661.002000	0.684752
661.034000	12.862970
661.066000	-0.542970
661.099000	5.981782
661.131000	12.387723
661.163000	2.694653
661.195000	1.100594
661.228000	11.417426
661.260000	-1.968713
661.292000	-2.325149
661.324000	4.486733
661.357000	4.744158
661.389000	4.645149
661.421000	6.358020
661.453000	-0.562772
661.485000	4.575842
661.518000	3.377822
661.550000	-10.632079
661.582000	-13.453861
661.614000	-0.830099
661.647000	5.655050
661.679000	0.556040
661.711000	3.328317
661.743000	-6.939010
661.775000	0.595644
661.808000	16.179802
661.840000	-8.127129
661.872000	2.793663
661.904000	-1.513267
661.936000	0.734257
661.969000	-6.889505
662.001000	-4.671683
662.033000	2.694653
662.065000	-4.740990
662.097000	11.031287
662.129000	8.744158
662.162000	-5.612277
662.194000	2.288713
662.226000	0.615446
662.258000	5.912475
662.290000	0.625347
662.322000	-9.533069
662.355000	-13.374653
662.387000	18.536238
662.419000	9.476832
662.451000	10.575842
662.483000	8.397624
662.515000	-1.542970
662.547000	-0.404356
662.580000	-4.493465
662.612000	-5.335050
662.644000	-11.265743
662.676000	1.021386
662.708000	13.853069
662.740000	-0.770693
662.772000	2.377822
662.804000	6.367921
662.836000	9.496634
662.869000	-0.968713
662.901000	9.526337
662.933000	0.367921
662.965000	13.793663
662.997000	8.635248
663.029000	-5.453861
663.061000	-3.216238
663.093000	-2.958812
663.125000	7.536238
663.157000	5.427327
663.189000	1.140198
663.221000	9.932277
663.254000	1.734257
663.286000	6.882772
663.318000	-3.562772
663.350000	-4.889505
663.382000	-1.156832
663.414000	6.338218
663.446000	4.397624
663.478000	-5.968713
663.510000	21.575842
663.542000	-4.503366
663.574000	0.803564
663.606000	2.744158
663.638000	-8.632079
663.670000	-3.632079
663.702000	-2.275644
663.734000	-0.711287
663.766000	6.268911
663.798000	-4.463762
663.830000	3.565941
663.862000	7.714455
663.894000	7.288713
663.926000	-1.325149
663.958000	8.645149
663.990000	1.486733
664.022000	-4.790495
664.054000	7.575842
664.086000	-6.988515
664.118000	-9.909307
664.150000	-8.711287
664.182000	2.229307
664.214000	-0.939010
664.246000	10.783762
664.278000	3.645149
664.310000	14.259010
664.342000	3.823366
664.374000	-0.443960
664.406000	0.942178
664.438000	-1.434059
664.470000	13.060990
664.502000	-2.265743
664.534000	-1.315248
664.566000	-6.493465
664.598000	7.259010
664.630000	-4.236040
664.662000	4.308515
664.693000	0.090693
664.725000	-5.542970
664.757000	-1.948911
664.789000	-10.196436
664.821000	3.763960
664.853000	10.595644
664.885000	1.615446
664.917000	-2.711287
664.949000	11.813465
664.981000	15.179802
665.013000	2.090693
665.045000	-8.236040
665.076000	-1.899406
665.108000	2.397624
665.140000	-1.443960
665.172000	2.466931
665.204000	-1.008317
665.236000	-2.513267
665.268000	12.031287
665.300000	-2.661782
665.331000	-8.245941
665.363000	3.575842
665.395000	-5.394455
665.427000	-4.067723
665.459000	4.338218
665.491000	-1.691485
665.523000	0.298614
665.555000	-3.295446
665.586000	1.060990
665.618000	-2.602376
665.650000	-12.077624
665.682000	7.041188
665.714000	4.952079
665.746000	-4.226139
665.777000	1.575842
665.809000	-2.434059
665.841000	2.853069
665.873000	-2.820198
665.905000	3.328317
665.937000	9.694653
665.968000	4.189703
666.000000	0.249109
666.032000	3.229307
666.064000	-2.820198
666.096000	-1.087525
666.127000	7.615446
666.159000	9.981782
666.191000	9.853069
666.223000	3.160000
666.255000	5.625347
666.286000	4.853069
666.318000	-2.325149
666.350000	14.060990
666.382000	4.961980
666.413000	-5.473663
666.445000	-10.671683
666.477000	-12.344950
666.509000	-5.998416
666.540000	1.110495
666.572000	-4.137030
666.604000	-0.661782
666.636000	0.427327
666.667000	14.744158
666.699000	14.397624
666.731000	2.397624
666.763000	-5.582574
666.794000	-2.018218
666.826000	3.100594
666.858000	-9.701386
666.890000	9.288713
666.921000	4.140198
666.953000	2.437228
666.985000	10.823366
667.017000	17.189703
667.048000	5.397624
667.080000	-1.038020
667.112000	-3.968713
667.143000	-9.295446
667.175000	3.348119
667.207000	1.704554
667.238000	5.219406
667.270000	2.585743
667.302000	1.536238
667.334000	-1.156832
667.365000	15.546139
667.397000	2.447129
667.429000	-5.196436
667.460000	10.288713
667.492000	6.853069
667.524000	-1.731089
667.555000	-4.909307
667.587000	1.466931
667.619000	-2.216238
667.650000	-7.344950
667.682000	5.506535
667.714000	7.625347
667.745000	2.833267
667.777000	2.457030
667.808000	7.704554
667.840000	6.338218
667.872000	0.724356
667.903000	18.991683
667.935000	-1.255842
667.967000	1.585743
667.998000	2.358020
668.030000	-0.453861
668.061000	5.526337
668.093000	-0.443960
668.125000	6.080792
668.156000	6.179802
668.188000	-2.275644
668.220000	-4.800396
668.251000	6.457030
668.283000	8.140198
668.314000	15.358020
668.346000	5.516436
668.377000	16.308515
668.409000	10.853069
668.441000	21.565941
668.472000	11.952079
668.504000	10.496634
668.535000	6.922376
668.567000	11.278812
668.599000	3.803564
668.630000	-2.057822
668.662000	-0.325149
668.693000	15.358020
668.725000	6.090693
668.756000	7.734257
668.788000	0.655050
668.819000	1.338218
668.851000	1.447129
668.882000	1.625347
668.914000	-2.988515
668.946000	-1.820198
668.977000	-5.998416
669.009000	-2.790495
669.040000	-10.255842
669.072000	3.229307
669.103000	2.714455
669.135000	-0.384554
669.166000	0.605545
669.198000	2.308515
669.229000	6.041188
669.261000	1.635248
669.292000	-1.374653
669.324000	3.813465
669.355000	6.100594
669.387000	-8.344950
669.418000	6.179802
669.450000	-7.453861
669.481000	3.655050
669.513000	4.417426
669.544000	4.783762
669.576000	-0.265743
669.607000	12.001584
669.639000	13.783762
669.670000	-6.493465
669.701000	7.051089
669.733000	-9.968713
669.764000	-1.800396
669.796000	-1.988515
669.827000	-7.869703
669.859000	-4.018218
669.890000	6.031287
669.922000	10.308515
669.953000	3.417426
669.985000	5.664950
670.016000	9.645149
670.047000	3.961980
670.079000	-1.067723
670.110000	3.763960
670.142000	2.169901
670.173000	1.724356
670.204000	-1.513267
670.236000	3.308515
670.267000	-6.671683
670.299000	0.912475
670.330000	1.001584
670.362000	5.466931
670.393000	-8.701386
670.424000	4.724356
670.456000	-10.612277
670.487000	-3.394455
670.518000	0.991683
670.550000	1.932277
670.581000	-0.434059
670.613000	3.724356
670.644000	-5.404356
670.675000	-8.909307
670.707000	-3.226139
670.738000	1.377822
670.769000	-2.077624
670.801000	-9.859802
670.832000	5.031287
670.864000	-5.562772
670.895000	2.961980
670.926000	-1.364752
670.958000	0.120396
670.989000	-0.216238
671.020000	-4.424158
671.052000	0.160000
671.083000	1.585743
671.114000	-4.196436
671.146000	7.674851
671.177000	2.605545
671.208000	-6.325149
671.240000	-10.325149
671.271000	-3.453861
671.302000	5.070891
671.333000	-5.552871
671.365000	-6.840000
671.396000	-4.315248
671.427000	4.813465
671.459000	4.922376
671.490000	6.447129
671.521000	3.387723
671.553000	1.783762
671.584000	8.090693
671.615000	-4.513267
671.646000	6.051089
671.678000	2.932277
671.709000	-8.354851
671.740000	-14.849901
671.771000	-6.493465
671.803000	-5.255842
671.834000	0.645149
671.865000	-2.939010
671.896000	4.526337
671.928000	-1.028119
671.959000	-7.057822
671.990000	-4.622178
672.021000	-2.008317
672.053000	-6.156832
672.084000	9.655050
672.115000	3.843168
672.146000	-2.820198
672.178000	-12.245941
672.209000	-5.364752
672.240000	-1.622178
672.271000	20.278812
672.303000	3.001584
672.334000	-2.216238
672.365000	-4.097426
672.396000	1.833267
672.427000	5.526337
672.459000	8.783762
672.490000	19.536238
672.521000	4.773861
672.552000	8.645149
672.583000	4.526337
672.615000	1.892673
672.646000	8.823366
672.677000	-5.473663
672.708000	-3.533069
672.739000	-0.285545
672.770000	10.833267
672.802000	3.773861
672.833000	-3.424158
672.864000	-0.117228
672.895000	-5.028119
672.926000	-1.919208
672.957000	-8.721188
672.989000	-3.265743
673.020000	2.536238
673.051000	-1.790495
673.082000	10.744158
673.113000	-0.226139
673.144000	6.110495
673.175000	3.239208
673.206000	-4.958812
673.238000	-3.275644
673.269000	-0.671683
673.300000	-7.166733
673.331000	6.358020
673.362000	1.249109
673.393000	1.892673
673.424000	8.100594
673.455000	15.615446
673.487000	2.655050
673.518000	9.189703
673.549000	0.655050
673.580000	-1.671683
673.611000	3.922376
673.642000	-0.790495
673.673000	-15.146931
673.704000	0.506535
673.735000	-1.107327
673.766000	-3.869703
673.797000	-4.295446
673.828000	0.744158
673.860000	-7.206337
673.891000	-9.988515
673.922000	-10.255842
673.953000	-6.087525
673.984000	2.100594
674.015000	6.734257
674.046000	1.011485
674.077000	3.328317
674.108000	-6.830099
674.139000	-3.344950
674.170000	-4.840000
674.201000	-8.107327
674.232000	-4.325149
674.263000	-3.800396
674.294000	-5.186535
674.325000	-9.919208
674.356000	4.377822
674.387000	13.219406
674.418000	3.862970
674.449000	-5.840000
674.480000	-7.622178
674.511000	-1.364752
674.542000	4.160000
674.573000	-8.127129
674.604000	8.645149
674.635000	-0.978614
674.666000	8.645149
674.697000	2.308515
674.728000	-0.542970
674.759000	-1.661782
674.790000	-9.404356
674.821000	-6.107327
674.852000	-1.661782
674.883000	-6.800396
674.914000	-1.939010
674.945000	-0.285545
674.976000	2.011485
675.007000	-6.493465
675.038000	-8.305347
675.069000	-11.463762
675.100000	-5.622178
675.131000	1.120396
675.162000	-9.404356
675.193000	-7.800396
675.224000	-3.840000
675.254000	5.645149
675.285000	5.496634
675.316000	11.110495
675.347000	0.684752
675.378000	-7.463762
675.409000	-7.018218
675.440000	6.001584
675.471000	2.585743
675.502000	-5.899406
675.533000	-1.374653
675.564000	0.506535
675.595000	-0.651881
675.625000	16.367921
675.656000	8.169901
675.687000	2.724356
675.718000	-10.552871
675.749000	6.308515
675.780000	2.763960
675.811000	-2.909307
675.842000	4.041188
675.873000	-0.721188
675.903000	-4.503366
675.934000	-0.889505
675.965000	-5.859802
675.996000	-6.830099
676.027000	4.219406
676.058000	-1.384554
676.089000	-10.929109
676.119000	0.575842
676.150000	-4.067723
676.181000	-1.285545
676.212000	-3.226139
676.243000	7.516436
676.274000	-2.800396
676.304000	12.288713
676.335000	-8.127129
676.366000	-0.315248
676.397000	-2.582574
676.428000	0.565941
676.459000	4.783762
676.489000	8.803564
676.520000	8.813465
676.551000	0.259010
676.582000	-6.750891
676.613000	1.516436
676.643000	-7.216238
676.674000	7.892673
676.705000	-1.097426
676.736000	2.783762
676.767000	11.843168
676.797000	8.744158
676.828000	3.466931
676.859000	-1.711287
676.890000	-1.939010
676.920000	3.239208
676.951000	4.120396
676.982000	4.001584
677.013000	-1.137030
677.044000	14.783762
677.074000	22.457030
677.105000	-5.632079
677.136000	5.486733
677.167000	2.021386
677.197000	9.556040
677.228000	-1.493465
677.259000	-4.701386
677.289000	-0.760792
677.320000	-12.552871
677.351000	-7.305347
677.382000	-3.750891
677.412000	-5.582574
677.443000	4.823366
677.474000	1.288713
677.505000	-9.008317
677.535000	1.565941
677.566000	-2.760792
677.597000	-9.929109
677.627000	-8.889505
677.658000	-4.146931
677.689000	-0.681584
677.720000	-0.364752
677.750000	-3.503366
677.781000	0.803564
677.812000	1.853069
677.842000	6.070891
677.873000	2.476832
677.904000	-0.919208
677.934000	-1.622178
677.965000	-3.443960
677.996000	-13.948911
678.026000	-2.255842
678.057000	2.932277
678.088000	-8.770693
678.118000	-1.562772
678.149000	-8.721188
678.180000	-3.810297
678.210000	0.952079
678.241000	1.526337
678.272000	-0.216238
678.302000	1.169901
678.333000	6.387723
678.363000	7.239208
678.394000	3.922376
678.425000	-1.077624
678.455000	3.447129
678.486000	10.080792
678.517000	-1.523168
678.547000	0.476832
678.578000	-0.760792
678.608000	-10.533069
678.639000	4.605545
678.670000	2.912475
678.700000	-6.750891
678.731000	-2.542970
678.761000	-1.156832
678.792000	3.823366
678.823000	6.120396
678.853000	2.447129
678.884000	-9.612277
678.914000	5.100594
678.945000	1.783762
678.975000	-6.919208
679.006000	5.209505
679.037000	-5.245941
679.067000	19.348119
679.098000	1.120396
679.128000	-6.236040
679.159000	-3.325149
679.189000	9.160000
679.220000	-7.849901
679.250000	5.526337
679.281000	0.605545
679.312000	-1.731089
679.342000	2.932277
679.373000	23.971881
679.403000	2.922376
679.434000	6.803564
679.464000	-2.523168
679.495000	1.110495
679.525000	2.179802
679.556000	-2.137030
679.586000	6.605545
679.617000	5.565941
679.647000	1.862970
679.678000	0.684752
679.708000	-1.156832
679.739000	-0.701386
679.769000	-1.612277
679.800000	-3.166733
679.830000	0.605545
679.861000	8.397624
679.891000	-3.196436
679.922000	-12.641980
679.952000	-2.374653
679.983000	6.546139
680.013000	5.377822
680.044000	-5.255842
680.074000	8.803564
680.105000	7.328317
680.135000	3.417426
680.165000	7.892673
680.196000	5.318416
680.226000	3.813465
680.257000	8.239208
680.287000	2.734257
680.318000	-0.602376
680.348000	-7.889505
680.379000	9.942178
680.409000	5.437228
680.439000	-2.929109
680.470000	-0.830099
680.500000	-0.285545
680.531000	0.763960
680.561000	9.001584
680.592000	7.407525
680.622000	12.853069
680.652000	0.565941
680.683000	12.130297
680.713000	-1.523168
680.744000	-3.790495
680.774000	-6.008317
680.804000	15.922376
680.835000	-1.483564
680.865000	-7.394455
680.896000	14.486733
680.926000	12.714455
680.956000	3.179802
680.987000	2.694653
681.017000	-4.701386
681.047000	3.051089
681.078000	-8.612277
681.108000	-1.513267
681.139000	2.367921
681.169000	0.169901
681.199000	-1.780594
681.230000	6.922376
681.260000	-0.424158
681.290000	4.229307
681.321000	-8.830099
681.351000	1.229307
681.381000	-9.542970
681.412000	2.546139
681.442000	1.912475
681.472000	11.724356
681.503000	7.229307
681.533000	2.714455
681.563000	-1.572673
681.594000	-0.810297
681.624000	4.872871
681.654000	-5.414257
681.685000	-2.107327
681.715000	0.140198
681.745000	-1.117228
681.775000	-4.661782
681.806000	0.981782
681.836000	1.961980
681.866000	-5.790495
681.897000	2.209505
681.927000	-3.681584
681.957000	-16.236040
681.987000	3.051089
682.018000	-0.800396
682.048000	3.556040
682.078000	1.763960
682.109000	15.565941
682.139000	10.169901
682.169000	1.991683
682.199000	-1.721188
682.230000	-7.632079
682.260000	3.734257
682.290000	-3.919208
682.320000	-2.146931
682.351000	-1.879604
682.381000	0.773861
682.411000	-2.047921
682.441000	-4.701386
682.472000	-8.245941
682.502000	-2.681584
682.532000	-4.354851
682.562000	2.367921
682.592000	6.823366
682.623000	8.387723
682.653000	3.862970
682.683000	-4.325149
682.713000	5.516436
682.743000	-1.107327
682.774000	-4.443960
682.804000	1.526337
682.834000	14.387723
682.864000	-3.434059
682.894000	-1.533069
682.925000	-2.186535
682.955000	-0.364752
682.985000	-4.483564
683.015000	3.961980
683.045000	10.565941
683.076000	-8.156832
683.106000	-2.057822
683.136000	-3.622178
683.166000	-3.542970
683.196000	-4.641980
683.226000	-3.117228
683.257000	-5.859802
683.287000	-4.869703
683.317000	-7.453861
683.347000	-6.750891
683.377000	-3.057822
683.407000	3.120396
683.437000	5.140198
683.468000	7.615446
683.498000	-4.978614
683.528000	-0.869703
683.558000	1.338218
683.588000	-4.750891
683.618000	-6.542970
683.648000	-6.028119
683.678000	3.140198
683.708000	9.754059
683.739000	0.595644
683.769000	-0.146931
683.799000	-0.186535
683.829000	2.041188
683.859000	3.704554
683.889000	9.952079
683.919000	-1.493465
683.949000	0.585743
683.979000	-3.948911
684.009000	-2.513267
684.039000	0.417426
684.070000	-4.840000
684.100000	13.417426
684.130000	3.882772
684.160000	2.595644
684.190000	-1.592475
684.220000	-2.008317
684.250000	2.377822
684.280000	-5.968713
684.310000	14.259010
684.340000	8.912475
684.370000	5.110495
684.400000	-4.156832
684.430000	3.080792
684.460000	2.367921
684.490000	4.763960
684.520000	5.813465
684.550000	11.080792
684.580000	1.526337
684.610000	2.655050
684.640000	9.051089
684.670000	8.932277
684.700000	0.387723
684.730000	6.763960
684.760000	-1.107327
684.790000	14.189703
684.820000	1.090693
684.850000	-6.374653
684.880000	5.328317
684.910000	2.011485
684.940000	-0.404356
684.970000	-7.661782
685.000000	-6.146931
685.030000	-8.780594
685.060000	-6.770693
685.090000	-3.166733
685.120000	15.150099
685.150000	-5.948911
685.180000	6.991683
685.210000	3.536238
685.240000	9.655050
685.270000	12.070891
685.300000	-0.216238
685.330000	5.526337
685.360000	-2.067723
685.390000	0.348119
685.420000	-6.948911
685.450000	-2.008317
685.480000	0.169901
685.510000	-4.305347
685.540000	9.011485
685.569000	6.961980
685.599000	5.160000
685.629000	5.288713
685.659000	1.526337
685.689000	-2.731089
685.719000	-0.087525
685.749000	-4.275644
685.779000	7.130297
685.809000	6.981782
685.839000	3.833267
685.869000	5.763960
685.898000	9.872871
685.928000	2.595644
685.958000	-2.275644
685.988000	11.823366
686.018000	0.526337
686.048000	2.952079
686.078000	10.407525
686.108000	13.546139
686.137000	2.823366
686.167000	12.130297
686.197000	-7.978614
686.227000	1.694653
686.257000	23.130297
686.287000	14.862970
686.317000	2.744158
686.346000	-3.295446
686.376000	-7.255842
686.406000	-6.661782
686.436000	9.060990
686.466000	-1.424158
686.496000	5.615446
686.525000	4.971881
686.555000	-0.513267
686.585000	14.457030
686.615000	24.763960
686.645000	8.912475
686.675000	1.932277
686.704000	4.427327
686.734000	3.912475
686.764000	-3.404356
686.794000	1.397624
686.824000	-0.394455
686.853000	8.476832
686.883000	10.585743
686.913000	12.377822
686.943000	2.437228
686.973000	-2.770693
687.002000	3.338218
687.032000	6.288713
687.062000	-2.929109
687.092000	14.318416
687.121000	-3.028119
687.151000	2.783762
687.181000	0.843168
687.211000	11.833267
687.240000	0.754059
687.270000	2.160000
687.300000	-1.156832
687.330000	0.902574
687.359000	-12.483564
687.389000	3.882772
687.419000	1.278812
687.449000	1.932277
687.478000	7.952079
687.508000	1.803564
687.538000	8.209505
687.568000	7.862970
687.597000	-5.434059
687.627000	3.358020
687.657000	3.318416
687.686000	5.971881
687.716000	18.140198
687.746000	-7.325149
687.776000	-6.226139
687.805000	6.298614
687.835000	1.674851
687.865000	16.843168
687.894000	7.872871
687.924000	-1.077624
687.954000	0.437228
687.983000	3.338218
688.013000	8.070891
688.043000	9.981782
688.072000	0.902574
688.102000	8.674851
688.132000	0.160000
688.161000	-0.394455
688.191000	0.585743
688.221000	17.526337
688.250000	-5.315248
688.280000	4.011485
688.310000	-1.018218
688.339000	0.298614
688.369000	-7.810297
688.399000	-6.414257
688.428000	-3.533069
688.458000	2.615446
688.488000	-2.384554
688.517000	8.259010
688.547000	-0.453861
688.576000	28.268911
688.606000	11.734257
688.636000	-6.939010
688.665000	4.437228
688.695000	7.199604
688.725000	10.338218
688.754000	6.150099
688.784000	3.160000
688.813000	11.793663
688.843000	2.843168
688.873000	-0.711287
688.902000	-4.057822
688.932000	-2.196436
688.961000	1.862970
688.991000	12.655050
689.020000	11.476832
689.050000	-1.542970
689.080000	10.278812
689.109000	12.070891
689.139000	1.031287
689.168000	5.140198
689.198000	1.466931
689.227000	-0.820198
689.257000	4.744158
689.287000	10.556040
689.316000	0.377822
689.346000	-6.404356
689.375000	-6.998416
689.405000	7.536238
689.434000	-1.641980
689.464000	5.674851
689.493000	-0.315248
689.523000	-3.186535
689.552000	-4.374653
689.582000	3.516436
689.611000	-1.236040
689.641000	7.615446
689.670000	1.516436
689.700000	6.674851
689.730000	11.605545
689.759000	5.645149
689.789000	13.991683
689.818000	-0.206337
689.848000	-0.364752
689.877000	14.496634
689.906000	-1.592475
689.936000	-4.790495
689.965000	6.466931
689.995000	8.229307
690.024000	9.051089
690.054000	2.229307
690.083000	5.229307
690.113000	0.763960
690.142000	1.437228
690.172000	3.565941
690.201000	5.100594
690.231000	0.249109
690.260000	7.367921
690.290000	2.734257
690.319000	9.575842
690.348000	2.130297
690.378000	4.526337
690.407000	5.724356
690.437000	0.130297
690.466000	1.278812
690.496000	-1.483564
690.525000	7.932277
690.555000	-2.275644
690.584000	-1.245941
690.613000	-1.335050
690.643000	6.516436
690.672000	8.011485
690.702000	8.496634
690.731000	5.070891
690.760000	22.506535
690.790000	52.140198
690.819000	45.268911
690.849000	38.268911
690.878000	27.209505
690.907000	22.288713
690.937000	23.120396
690.966000	17.516436
690.996000	5.080792
691.025000	2.407525
691.054000	2.407525
691.084000	4.367921
691.113000	5.100594
691.142000	7.932277
691.172000	8.407525
691.201000	12.763960
691.230000	2.179802
691.260000	12.932277
691.289000	5.001584
691.319000	-0.513267
691.348000	3.546139
691.377000	15.417426
691.407000	5.892673
691.436000	9.516436
691.465000	3.060990
691.495000	-1.255842
691.524000	-6.909307
691.553000	-3.849901
691.583000	-2.364752
691.612000	14.189703
691.641000	3.041188
691.670000	2.110495
691.700000	6.041188
691.729000	-8.869703
691.758000	2.546139
691.788000	1.704554
691.817000	-0.830099
691.846000	-1.939010
691.876000	2.437228
691.905000	3.367921
691.934000	-1.473663
691.963000	13.536238
691.993000	5.259010
692.022000	-3.830099
692.051000	-6.968713
692.081000	10.308515
692.110000	17.724356
692.139000	5.615446
692.168000	7.427327
692.198000	17.110495
692.227000	9.070891
692.256000	5.348119
692.285000	1.278812
692.315000	0.486733
692.344000	6.189703
692.373000	4.902574
692.402000	-12.166733
692.432000	-6.156832
692.461000	-0.275644
692.490000	1.209505
692.519000	0.189703
692.548000	11.961980
692.578000	12.328317
692.607000	-1.869703
692.636000	-6.562772
692.665000	10.585743
692.694000	0.536238
692.724000	2.239208
692.753000	7.694653
692.782000	12.397624
692.811000	-3.612277
692.840000	1.427327
692.870000	4.704554
692.899000	1.526337
692.928000	0.358020
692.957000	7.387723
692.986000	7.288713
693.016000	5.288713
693.045000	7.763960
693.074000	6.318416
693.103000	0.853069
693.132000	5.724356
693.161000	8.288713
693.191000	-0.354851
693.220000	-7.176634
693.249000	2.496634
693.278000	1.011485
693.307000	12.684752
693.336000	-7.285545
693.365000	-12.434059
693.395000	-1.651881
693.424000	4.338218
693.453000	17.447129
693.482000	-0.344950
693.511000	7.308515
693.540000	5.427327
693.569000	8.417426
693.598000	1.011485
693.628000	11.813465
693.657000	12.486733
693.686000	16.575842
693.715000	11.308515
693.744000	12.882772
693.773000	15.773861
693.802000	6.447129
693.831000	0.150099
693.860000	16.447129
693.889000	-2.127129
693.919000	6.556040
693.948000	3.031287
693.977000	6.031287
694.006000	-0.948911
694.035000	1.397624
694.064000	-3.107327
694.093000	0.803564
694.122000	0.684752
694.151000	-0.592475
694.180000	7.417426
694.209000	22.635248
694.238000	7.070891
694.267000	20.744158
694.296000	11.199604
694.325000	8.259010
694.354000	13.813465
694.383000	8.664950
694.412000	1.506535
694.441000	-1.998416
694.471000	-3.057822
694.500000	-9.562772
694.529000	3.041188
694.558000	18.160000
694.587000	13.862970
694.616000	1.120396
694.645000	2.358020
694.674000	12.912475
694.703000	11.526337
694.732000	2.744158
694.761000	13.377822
694.790000	13.813465
694.819000	-8.503366
694.848000	1.565941
694.877000	17.961980
694.906000	23.981782
694.935000	7.348119
694.963000	19.961980
694.992000	3.773861
695.021000	7.991683
695.050000	10.942178
695.079000	4.694653
695.108000	-0.830099
695.137000	17.635248
695.166000	8.496634
695.195000	-2.523168
695.224000	9.318416
695.253000	4.259010
695.282000	4.526337
695.311000	8.387723
695.340000	2.328317
695.369000	9.565941
695.398000	5.457030
695.427000	19.288713
695.456000	4.843168
695.485000	6.625347
695.513000	5.338218
695.542000	3.763960
695.571000	1.882772
695.600000	16.288713
695.629000	6.892673
695.658000	11.219406
695.687000	3.734257
695.716000	3.169901
695.745000	22.417426
695.774000	-3.107327
695.802000	-2.127129
695.831000	9.080792
695.860000	11.704554
695.889000	12.575842
695.918000	7.278812
695.947000	-1.513267
695.976000	3.981782
696.005000	5.041188
696.033000	7.744158
696.062000	15.704554
696.091000	3.120396
696.120000	5.476832
696.149000	15.734257
696.178000	4.823366
696.207000	8.833267
696.235000	-7.364752
696.264000	7.605545
696.293000	5.773861
696.322000	9.060990
696.351000	14.080792
696.380000	-0.651881
696.408000	5.407525
696.437000	0.605545
696.466000	9.179802
696.495000	15.714455
696.524000	12.991683
696.553000	8.367921
696.581000	13.476832
696.610000	5.001584
696.639000	2.526337
696.668000	7.902574
696.697000	0.457030
696.725000	10.308515
696.754000	5.348119
696.783000	0.219406
696.812000	-0.443960
696.840000	9.169901
696.869000	8.714455
696.898000	1.268911
696.927000	1.704554
696.956000	17.783762
696.984000	-2.226139
697.013000	3.872871
697.042000	4.120396
697.071000	8.179802
697.099000	14.922376
697.128000	9.268911
697.157000	6.536238
697.186000	0.971881
697.214000	1.506535
697.243000	-1.087525
697.272000	-1.137030
697.301000	6.674851
697.329000	7.070891
697.358000	6.486733
697.387000	20.437228
697.415000	9.536238
697.444000	4.971881
697.473000	2.367921
697.502000	-2.651881
697.530000	9.476832
697.559000	3.288713
697.588000	6.457030
697.616000	1.991683
697.645000	-0.245941
697.674000	13.447129
697.703000	3.358020
697.731000	13.278812
697.760000	9.060990
697.789000	2.971881
697.817000	5.021386
697.846000	19.199604
697.875000	6.041188
697.903000	19.546139
697.932000	13.239208
697.961000	6.615446
697.989000	11.051089
698.018000	8.763960
698.047000	6.585743
698.075000	12.140198
698.104000	-0.671683
698.133000	-1.137030
698.161000	-2.097426
698.190000	2.744158
698.218000	0.704554
698.247000	6.318416
698.276000	1.595644
698.304000	10.862970
698.333000	8.833267
698.362000	6.605545
698.390000	6.031287
698.419000	9.595644
698.447000	0.278812
698.476000	1.595644
698.505000	11.268911
698.533000	7.981782
698.562000	7.298614
698.591000	-3.493465
698.619000	-4.731089
698.648000	4.932277
698.676000	5.892673
698.705000	-0.196436
698.733000	-7.929109
698.762000	6.744158
698.791000	3.268911
698.819000	4.209505
698.848000	2.526337
698.876000	13.001584
698.905000	6.872871
698.933000	8.645149
698.962000	5.734257
698.991000	6.060990
699.019000	16.763960
699.048000	4.803564
699.076000	6.288713
699.105000	-7.503366
699.133000	-2.047921
699.162000	8.169901
699.190000	17.813465
699.219000	8.853069
699.248000	3.169901
699.276000	0.902574
699.305000	-2.038020
699.333000	8.575842
699.362000	2.100594
699.390000	8.892673
699.419000	-2.859802
699.447000	6.773861
699.476000	9.674851
699.504000	-1.414257
699.533000	3.377822
699.561000	-7.800396
699.590000	3.249109
699.618000	1.853069
699.647000	6.209505
699.675000	4.952079
699.704000	10.565941
699.732000	1.080792
699.761000	8.328317
699.789000	0.605545
699.818000	9.793663
699.846000	0.298614
699.874000	-2.077624
699.903000	-1.493465
699.931000	-0.473663
699.960000	8.160000
699.988000	1.575842
700.017000	-0.206337
700.045000	2.615446
700.074000	-1.384554
700.102000	0.763960
700.130000	-3.909307
700.159000	5.971881
700.187000	6.447129
700.216000	-0.315248
700.244000	-7.146931
700.273000	-3.770693
700.301000	0.278812
700.329000	7.100594
700.358000	11.437228
700.386000	-1.434059
700.415000	2.278812
700.443000	1.853069
700.472000	0.506535
700.500000	2.694653
700.528000	7.516436
700.557000	5.278812
700.585000	-2.404356
700.614000	-1.592475
700.642000	11.754059
700.670000	17.328317
700.699000	10.575842
700.727000	3.476832
700.755000	5.288713
700.784000	3.664950
700.812000	0.041188
700.841000	9.209505
700.869000	1.358020
700.897000	-11.038020
700.926000	-0.681584
700.954000	6.932277
700.982000	7.763960
701.011000	1.645149
701.039000	7.704554
701.067000	2.427327
701.096000	8.288713
701.124000	-6.681584
701.152000	2.160000
701.181000	1.100594
701.209000	-8.711287
701.237000	1.367921
701.266000	-4.691485
701.294000	-4.740990
701.322000	5.199604
701.351000	9.457030
701.379000	2.793663
701.407000	-2.542970
701.435000	4.140198
701.464000	11.704554
701.492000	19.833267
701.520000	-0.166733
701.549000	3.882772
701.577000	-5.424158
701.605000	-2.641980
701.634000	2.605545
701.662000	12.060990
701.690000	-7.681584
701.718000	-6.859802
701.747000	8.882772
701.775000	2.219406
701.803000	-3.612277
701.831000	10.466931
701.860000	-1.542970
701.888000	6.150099
701.916000	0.011485
701.944000	1.803564
701.973000	-3.038020
702.001000	-7.810297
702.029000	-5.513267
702.057000	-5.830099
702.086000	-7.740990
702.114000	-9.374653
702.142000	3.754059
702.170000	-5.008317
702.199000	0.952079
702.227000	-0.166733
702.255000	-0.889505
702.283000	-4.186535
702.311000	6.348119
702.340000	-0.364752
702.368000	-5.750891
702.396000	1.318416
702.424000	-0.344950
702.452000	-1.117228
702.481000	0.714455
702.509000	-1.295446
702.537000	7.724356
702.565000	6.090693
702.593000	-11.978614
702.621000	-0.315248
702.650000	9.565941
702.678000	6.249109
702.706000	8.041188
702.734000	-3.721188
702.762000	5.882772
702.790000	3.160000
702.819000	4.684752
702.847000	3.932277
702.875000	10.278812
702.903000	7.655050
702.931000	-4.879604
702.959000	0.981782
702.988000	4.387723
703.016000	-9.483564
703.044000	-0.236040
703.072000	-0.216238
703.100000	-4.641980
703.128000	-0.790495
703.156000	4.902574
703.184000	-1.117228
703.212000	10.506535
703.241000	4.744158
703.269000	2.704554
703.297000	1.932277
703.325000	3.278812
703.353000	-7.602376
703.381000	-6.315248
703.409000	2.783762
703.437000	-6.008317
703.465000	1.268911
703.493000	-6.533069
703.522000	4.516436
703.550000	7.526337
703.578000	6.981782
703.606000	-5.443960
703.634000	-2.651881
703.662000	-5.612277
703.690000	-1.542970
703.718000	3.199604
703.746000	16.021386
703.774000	2.664950
703.802000	16.041188
703.830000	-0.097426
703.858000	0.763960
703.886000	-5.651881
703.914000	-5.998416
703.942000	11.862970
703.970000	-2.434059
703.998000	-3.572673
704.027000	15.704554
704.055000	8.556040
704.083000	1.605545
704.111000	-6.592475
704.139000	-0.473663
704.167000	-3.948911
704.195000	1.209505
704.223000	-4.899406
704.251000	-1.869703
704.279000	5.605545
704.307000	2.268911
704.335000	-9.255842
704.363000	2.318416
704.391000	-3.028119
704.419000	-4.582574
704.447000	-6.493465
704.475000	0.595644
704.503000	-6.038020
704.531000	10.872871
704.558000	6.150099
704.586000	3.417426
704.614000	-0.879604
704.642000	2.288713
704.670000	-10.651881
704.698000	-1.711287
704.726000	3.288713
704.754000	-0.909307
704.782000	-1.790495
704.810000	-1.681584
704.838000	17.288713
704.866000	7.615446
704.894000	-10.513267
704.922000	-3.503366
704.950000	6.853069
704.978000	10.674851
705.006000	2.150099
705.034000	12.971881
705.061000	-5.265743
705.089000	-2.137030
705.117000	-8.077624
705.145000	-1.443960
705.173000	2.397624
705.201000	3.377822
705.229000	8.853069
705.257000	3.853069
705.285000	6.308515
705.313000	5.625347
705.340000	0.209505
705.368000	-3.651881
705.396000	3.694653
705.424000	3.763960
705.452000	-2.216238
705.480000	2.942178
705.508000	-4.097426
705.536000	0.259010
705.563000	-3.622178
705.591000	4.348119
705.619000	4.130297
705.647000	-6.721188
705.675000	1.724356
705.703000	5.971881
705.731000	1.377822
705.758000	7.387723
705.786000	4.209505
705.814000	18.110495
705.842000	4.506535
705.870000	11.417426
705.898000	12.853069
705.925000	-4.018218
705.953000	4.664950
705.981000	-5.790495
706.009000	0.179802
706.037000	5.486733
706.065000	-0.008317
706.092000	-7.760792
706.120000	0.932277
706.148000	-5.760792
706.176000	-1.721188
706.204000	7.694653
706.231000	2.981782
706.259000	-7.414257
706.287000	-3.097426
706.315000	3.565941
706.342000	-3.750891
706.370000	9.060990
706.398000	3.655050
706.426000	-1.107327
706.454000	0.655050
706.481000	9.120396
706.509000	1.961980
706.537000	-2.414257
706.565000	-4.998416
706.592000	6.872871
706.620000	-0.443960
706.648000	4.278812
706.676000	-7.840000
706.703000	1.635248
706.731000	-3.285545
706.759000	-4.424158
706.787000	6.298614
706.814000	3.744158
706.842000	0.318416
706.870000	-1.186535
706.897000	2.516436
706.925000	-0.226139
706.953000	11.645149
706.981000	13.932277
707.008000	7.348119
707.036000	2.664950
707.064000	-2.196436
707.091000	-13.711287
707.119000	8.476832
707.147000	0.288713
707.174000	-5.711287
707.202000	7.674851
707.230000	-7.107327
707.258000	5.556040
707.285000	-9.226139
707.313000	-3.760792
707.341000	-9.374653
707.368000	-6.533069
707.396000	2.100594
707.424000	14.536238
707.451000	4.645149
707.479000	3.922376
707.507000	0.229307
707.534000	-5.067723
707.562000	1.070891
707.590000	-6.632079
707.617000	-8.364752
707.645000	-0.711287
707.672000	1.021386
707.700000	1.843168
707.728000	9.021386
707.755000	4.189703
707.783000	-1.404356
707.811000	3.912475
707.838000	-3.641980
707.866000	1.952079
707.893000	-0.216238
707.921000	-4.206337
707.949000	-3.869703
707.976000	3.070891
708.004000	3.100594
708.031000	-3.285545
708.059000	-6.374653
708.087000	0.466931
708.114000	-4.988515
708.142000	-3.632079
708.169000	-4.790495
708.197000	-9.562772
708.225000	1.882772
708.252000	4.565941
708.280000	19.229307
708.307000	4.694653
708.335000	4.754059
708.362000	-0.879604
708.390000	-7.770693
708.418000	-2.344950
708.445000	-6.740990
708.473000	-7.404356
708.500000	-5.899406
708.528000	8.536238
708.555000	-1.899406
708.583000	0.783762
708.610000	-3.552871
708.638000	4.813465
708.665000	-7.552871
708.693000	0.387723
708.720000	-7.097426
708.748000	-7.978614
708.776000	-1.305347
708.803000	14.704554
708.831000	8.536238
708.858000	11.090693
708.886000	-0.186535
708.913000	3.318416
708.941000	-3.453861
708.968000	11.150099
708.996000	-2.849901
709.023000	25.536238
709.051000	-2.226139
709.078000	-5.750891
709.105000	2.140198
709.133000	-0.740990
709.160000	-0.047921
709.188000	8.932277
709.215000	5.674851
709.243000	6.338218
709.270000	-5.513267
709.298000	-2.533069
709.325000	-3.731089
709.353000	-0.216238
709.380000	3.872871
709.408000	9.506535
709.435000	4.833267
709.462000	1.051089
709.490000	2.872871
709.517000	-3.849901
709.545000	-4.156832
709.572000	-2.602376
709.600000	-0.443960
709.627000	3.486733
709.655000	-5.146931
709.682000	-3.404356
709.709000	-0.008317
709.737000	0.268911
709.764000	-6.295446
709.792000	9.506535
709.819000	1.358020
709.846000	-2.671683
709.874000	4.793663
709.901000	13.229307
709.929000	17.288713
709.956000	9.932277
709.983000	-5.740990
710.011000	-3.156832
710.038000	-5.137030
710.066000	5.565941
710.093000	12.031287
710.120000	3.872871
710.148000	-3.265743
710.175000	-7.335050
710.202000	-7.740990
710.230000	3.655050
710.257000	1.239208
710.284000	7.823366
710.312000	1.447129
710.339000	-0.414257
710.366000	1.773861
710.394000	-4.305347
710.421000	1.793663
710.448000	1.674851
710.476000	-10.731089
710.503000	2.427327
710.530000	9.902574
710.558000	14.090693
710.585000	11.744158
710.612000	-3.711287
710.640000	-1.691485
710.667000	-1.473663
710.694000	-5.899406
710.722000	-0.503366
710.749000	-2.038020
710.776000	-0.750891
710.804000	15.932277
710.831000	2.714455
710.858000	0.308515
710.885000	-1.542970
710.913000	-3.127129
710.940000	16.853069
710.967000	2.536238
710.995000	1.595644
711.022000	-0.711287
711.049000	1.853069
711.076000	-6.107327
711.104000	-2.047921
711.131000	-12.780594
711.158000	-0.443960
711.185000	8.259010
711.213000	-9.562772
711.240000	-5.731089
711.267000	-3.929109
711.294000	-2.602376
711.322000	10.328317
711.349000	-2.176634
711.376000	-3.087525
711.403000	5.526337
711.431000	-4.196436
711.458000	-1.424158
711.485000	-3.562772
711.512000	5.120396
711.540000	-0.671683
711.567000	0.684752
711.594000	-4.117228
711.621000	-1.998416
711.648000	2.813465
711.676000	2.219406
711.703000	2.051089
711.730000	-12.562772
711.757000	2.090693
711.784000	0.694653
711.812000	1.585743
711.839000	-0.770693
711.866000	-6.077624
711.893000	-7.315248
711.920000	5.763960
711.947000	3.546139
711.975000	9.358020
712.002000	0.496634
712.029000	9.942178
712.056000	2.961980
712.083000	6.437228
712.110000	-12.958812
712.138000	2.991683
712.165000	4.496634
712.192000	0.823366
712.219000	-4.572673
712.246000	-6.552871
712.273000	-5.453861
712.300000	-8.503366
712.328000	1.981782
712.355000	1.932277
712.382000	-6.067723
712.409000	12.595644
712.436000	-8.275644
712.463000	9.367921
712.490000	11.417426
712.517000	2.140198
712.544000	-1.840000
712.572000	1.516436
712.599000	-5.077624
712.626000	3.417426
712.653000	-4.176634
712.680000	-7.641980
712.707000	7.724356
712.734000	5.239208
712.761000	1.773861
712.788000	4.417426
712.815000	2.140198
712.842000	11.872871
712.870000	0.268911
712.897000	-8.681584
712.924000	-9.028119
712.951000	3.031287
712.978000	11.080792
713.005000	10.387723
713.032000	9.694653
713.059000	-1.245941
713.086000	-2.889505
713.113000	-7.404356
713.140000	-9.780594
713.167000	3.932277
713.194000	9.160000
713.221000	-1.840000
713.248000	6.991683
713.275000	-3.424158
713.302000	-6.661782
713.329000	3.298614
713.356000	7.249109
713.383000	5.872871
713.410000	7.486733
713.437000	-7.374653
713.464000	1.199604
713.491000	12.239208
713.518000	3.021386
713.545000	-2.364752
713.572000	-0.295446
713.599000	14.526337
713.626000	0.278812
713.653000	8.476832
713.680000	-4.097426
713.707000	-0.978614
713.734000	4.268911
713.761000	-2.255842
713.788000	-1.939010
713.815000	7.249109
713.842000	1.051089
713.869000	-0.830099
713.896000	2.051089
713.923000	1.615446
713.950000	0.140198
713.977000	-4.641980
714.004000	-0.899406
714.031000	-5.552871
714.058000	-4.790495
714.085000	-1.830099
714.112000	12.298614
714.139000	1.872871
714.165000	-2.463762
714.192000	-5.533069
714.219000	4.674851
714.246000	4.625347
714.273000	0.457030
714.300000	-0.176634
714.327000	2.714455
714.354000	8.645149
714.381000	-1.443960
714.408000	0.575842
714.435000	-3.513267
714.461000	-0.335050
714.488000	7.249109
714.515000	-2.879604
714.542000	-7.146931
714.569000	-6.750891
714.596000	-11.206337
714.623000	-3.038020
714.650000	-7.186535
714.677000	0.942178
714.703000	2.179802
714.730000	4.833267
714.757000	5.100594
714.784000	5.031287
714.811000	-8.443960
714.838000	3.338218
714.865000	-4.434059
714.891000	9.308515
714.918000	1.080792
714.945000	-8.998416
714.972000	-1.958812
714.999000	9.971881
715.026000	-5.602376
715.052000	10.684752
715.079000	0.674851
715.106000	3.358020
715.133000	3.278812
715.160000	-5.889505
715.187000	4.031287
715.213000	8.843168
715.240000	-5.740990
715.267000	-0.216238
715.294000	-1.671683
715.321000	-2.661782
715.347000	-2.077624
715.374000	-6.671683
715.401000	-1.760792
715.428000	-1.236040
715.455000	2.694653
715.481000	-6.800396
715.508000	9.625347
715.535000	-2.671683
715.562000	18.793663
715.588000	3.466931
715.615000	-0.840000
715.642000	-0.562772
715.669000	8.556040
715.695000	-6.404356
715.722000	-4.057822
715.749000	3.536238
715.776000	10.783762
715.802000	1.912475
715.829000	3.674851
715.856000	-9.255842
715.883000	10.358020
715.909000	-5.483564
715.936000	-1.443960
715.963000	0.377822
715.990000	-8.008317
716.016000	1.298614
716.043000	0.892673
716.070000	-5.542970
716.096000	-10.107327
716.123000	-3.542970
716.150000	1.823366
716.177000	3.961980
716.203000	8.902574
716.230000	8.447129
716.257000	5.714455
716.283000	11.625347
716.310000	3.100594
716.337000	1.001584
716.363000	-2.236040
716.390000	2.318416
716.417000	10.635248
716.443000	1.407525
716.470000	11.001584
716.497000	11.833267
716.523000	11.961980
716.550000	6.169901
716.577000	10.427327
716.603000	0.358020
716.630000	4.219406
716.657000	11.645149
716.683000	-7.156832
716.710000	-2.661782
716.737000	-3.562772
716.763000	4.011485
716.790000	4.199604
716.817000	11.625347
716.843000	4.625347
716.870000	-4.661782
716.897000	0.833267
716.923000	14.655050
716.950000	-2.879604
716.976000	-7.820198
717.003000	-3.166733
717.030000	4.239208
717.056000	4.813465
717.083000	-0.305347
717.109000	5.932277
717.136000	8.655050
717.163000	-3.107327
717.189000	3.615446
717.216000	-0.562772
717.242000	-3.424158
717.269000	0.714455
717.296000	6.793663
717.322000	9.318416
717.349000	10.754059
717.375000	6.407525
717.402000	-2.325149
717.428000	0.268911
717.455000	6.526337
717.481000	2.595644
717.508000	8.932277
717.535000	7.377822
717.561000	1.763960
717.588000	-3.453861
717.614000	-0.493465
717.641000	1.298614
717.667000	1.882772
717.694000	3.239208
717.720000	-1.869703
717.747000	4.635248
717.773000	-6.335050
717.800000	8.080792
717.826000	4.506535
717.853000	3.011485
717.880000	9.655050
717.906000	4.971881
717.933000	7.160000
717.959000	7.110495
717.986000	4.714455
718.012000	-3.067723
718.039000	9.952079
718.065000	10.338218
718.092000	6.328317
718.118000	-4.810297
718.144000	-5.057822
718.171000	12.952079
718.197000	18.556040
718.224000	1.833267
718.250000	2.783762
718.277000	4.882772
718.303000	3.318416
718.330000	1.674851
718.356000	-6.364752
718.383000	-10.701386
718.409000	-0.711287
718.436000	0.110495
718.462000	-2.176634
718.489000	-5.305347
718.515000	11.060990
718.541000	12.704554
718.568000	6.843168
718.594000	3.150099
718.621000	5.278812
718.647000	0.655050
718.674000	9.882772
718.700000	9.140198
718.726000	-1.909307
718.753000	2.773861
718.779000	8.902574
718.806000	-0.780594
718.832000	-1.899406
718.858000	0.882772
718.885000	-5.117228
718.911000	2.328317
718.938000	8.199604
718.964000	-7.394455
718.990000	4.259010
719.017000	2.892673
719.043000	5.872871
719.070000	14.031287
719.096000	-4.750891
719.122000	8.051089
719.149000	2.585743
719.175000	3.833267
719.201000	2.862970
719.228000	0.437228
719.254000	2.199604
719.281000	-3.592475
719.307000	-2.127129
719.333000	-2.503366
719.360000	11.813465
719.386000	0.952079
719.412000	6.655050
719.439000	-7.325149
719.465000	-1.414257
719.491000	-7.344950
719.518000	7.605545
719.544000	3.377822
719.570000	8.595644
719.597000	4.615446
719.623000	-4.641980
719.649000	2.694653
719.675000	0.001584
719.702000	3.605545
719.728000	10.714455
719.754000	-5.978614
719.781000	-2.394455
719.807000	-0.909307
719.833000	-0.176634
719.860000	1.001584
719.886000	-0.354851
719.912000	3.704554
719.938000	-5.622178
719.965000	0.981782
719.991000	8.407525
720.017000	3.367921
720.044000	-3.651881
720.070000	2.872871
720.096000	6.427327
720.122000	1.328317
720.149000	7.090693
720.175000	20.575842
720.201000	4.338218
720.227000	-1.275644
720.254000	2.051089
720.280000	0.912475
720.306000	-4.671683
720.332000	2.981782
720.359000	3.754059
720.385000	7.328317
720.411000	3.902574
720.437000	5.476832
720.463000	-0.533069
720.490000	9.140198
720.516000	-3.721188
720.542000	-6.780594
720.568000	0.942178
720.595000	10.526337
720.621000	4.080792
720.647000	4.179802
720.673000	7.585743
720.699000	-1.265743
720.725000	3.041188
720.752000	8.001584
720.778000	8.169901
720.804000	7.952079
720.830000	7.922376
720.856000	-2.285545
720.883000	-7.315248
720.909000	-1.057822
720.935000	6.763960
720.961000	13.655050
720.987000	4.833267
721.013000	4.615446
721.040000	-3.127129
721.066000	-3.948911
721.092000	-2.592475
721.118000	6.664950
721.144000	3.041188
721.170000	-3.463762
721.196000	0.328317
721.223000	-5.939010
721.249000	-1.869703
721.275000	14.872871
721.301000	1.595644
721.327000	11.179802
721.353000	7.486733
721.379000	1.932277
721.405000	7.704554
721.432000	11.952079
721.458000	-1.691485
721.484000	6.585743
721.510000	-10.038020
721.536000	3.803564
721.562000	1.160000
721.588000	1.704554
721.614000	-4.265743
721.640000	-1.602376
721.666000	-1.097426
721.693000	-4.196436
721.719000	-1.929109
721.745000	-6.325149
721.771000	-4.463762
721.797000	2.575842
721.823000	3.971881
721.849000	14.417426
721.875000	8.872871
721.901000	6.249109
721.927000	-1.067723
721.953000	2.367921
721.979000	13.556040
722.005000	10.932277
722.031000	-1.651881
722.057000	5.763960
722.083000	4.605545
722.109000	7.199604
722.135000	8.942178
722.161000	9.318416
722.187000	-1.562772
722.214000	-1.988515
722.240000	1.249109
722.266000	-4.216238
722.292000	8.209505
722.318000	12.110495
722.344000	3.704554
722.370000	6.565941
722.396000	9.229307
722.422000	-1.285545
722.448000	1.397624
722.474000	-8.919208
722.500000	9.922376
722.526000	5.150099
722.552000	1.239208
722.578000	0.734257
722.603000	8.060990
722.629000	-4.513267
722.655000	2.110495
722.681000	-5.216238
722.707000	0.486733
722.733000	-2.879604
722.759000	-6.998416
722.785000	-0.038020
722.811000	0.952079
722.837000	0.902574
722.863000	7.150099
722.889000	9.120396
722.915000	0.942178
722.941000	-0.919208
722.967000	2.367921
722.993000	8.526337
723.019000	2.556040
723.045000	5.704554
723.071000	3.437228
723.097000	4.051089
723.122000	1.991683
723.148000	-5.503366
723.174000	-2.711287
723.200000	5.496634
723.226000	-1.255842
723.252000	1.843168
723.278000	-3.721188
723.304000	-4.176634
723.330000	3.367921
723.356000	-6.552871
723.381000	-6.948911
723.407000	-11.196436
723.433000	8.694653
723.459000	-3.602376
723.485000	-0.255842
723.511000	8.090693
723.537000	-2.226139
723.563000	-1.681584
723.588000	3.387723
723.614000	9.655050
723.640000	0.169901
723.666000	1.704554
723.692000	8.773861
723.718000	3.169901
723.744000	1.991683
723.769000	-1.542970
723.795000	-4.463762
723.821000	3.823366
723.847000	-2.493465
723.873000	3.655050
723.899000	4.952079
723.924000	-1.939010
723.950000	1.298614
723.976000	-7.958812
724.002000	3.031287
724.028000	4.813465
724.053000	-3.711287
724.079000	-3.384554
724.105000	0.160000
724.131000	-1.691485
724.157000	-0.038020
724.182000	6.872871
724.208000	-0.443960
724.234000	2.031287
724.260000	-1.760792
724.286000	9.922376
724.311000	0.090693
724.337000	-5.948911
724.363000	-5.483564
724.389000	4.278812
724.415000	-1.740990
724.440000	16.773861
724.466000	0.427327
724.492000	0.031287
724.518000	6.397624
724.543000	-1.255842
724.569000	3.674851
724.595000	6.160000
724.621000	-2.146931
724.646000	-2.503366
724.672000	-3.592475
724.698000	-3.582574
724.723000	-2.790495
724.749000	1.259010
724.775000	8.853069
724.801000	4.684752
724.826000	-5.879604
724.852000	-2.374653
724.878000	-5.166733
724.904000	-13.176634
724.929000	3.476832
724.955000	-8.701386
724.981000	2.150099
725.006000	2.070891
725.032000	2.189703
725.058000	10.179802
725.083000	-4.859802
725.109000	-3.731089
725.135000	2.813465
725.161000	4.694653
725.186000	-1.572673
725.212000	-2.523168
725.238000	7.011485
725.263000	0.961980
725.289000	-7.364752
725.315000	-8.394455
725.340000	-3.315248
725.366000	4.902574
725.392000	-3.849901
725.417000	-2.810297
725.443000	-1.493465
725.468000	3.853069
725.494000	4.536238
725.520000	7.793663
725.545000	-4.255842
725.571000	-4.473663
725.597000	-1.503366
725.622000	0.763960
725.648000	0.060990
725.674000	9.011485
725.699000	3.278812
725.725000	0.744158
725.750000	23.476832
725.776000	-3.335050
725.802000	2.259010
725.827000	4.506535
725.853000	1.031287
725.878000	5.150099
725.904000	-0.315248
725.930000	1.080792
725.955000	-8.394455
725.981000	-7.305347
726.006000	-1.721188
726.032000	9.457030
726.057000	-2.869703
726.083000	-5.750891
726.109000	1.001584
726.134000	4.338218
726.160000	1.387723
726.185000	-2.067723
726.211000	-5.038020
726.236000	5.565941
726.262000	4.160000
726.288000	7.051089
726.313000	10.892673
726.339000	6.090693
726.364000	2.031287
726.390000	9.476832
726.415000	-0.780594
726.441000	-3.988515
726.466000	-5.255842
726.492000	0.328317
726.517000	5.882772
726.543000	-0.117228
726.568000	-9.196436
726.594000	-1.374653
726.619000	5.704554
726.645000	6.060990
726.670000	5.189703
726.696000	7.437228
726.721000	-3.047921
726.747000	-9.315248
726.772000	1.090693
726.798000	-0.879604
726.823000	6.882772
726.849000	-0.691485
726.874000	6.476832
726.900000	22.694653
726.925000	9.575842
726.951000	1.249109
726.976000	10.259010
727.002000	-1.661782
727.027000	5.793663
727.053000	9.862970
727.078000	-3.592475
727.104000	0.080792
727.129000	-12.562772
727.155000	-4.404356
727.180000	5.060990
727.205000	0.615446
727.231000	-2.790495
727.256000	0.506535
727.282000	3.308515
727.307000	11.892673
727.333000	1.575842
727.358000	-5.443960
727.383000	-6.354851
727.409000	-7.127129
727.434000	8.506535
727.460000	-0.542970
727.485000	-0.443960
727.511000	6.318416
727.536000	-10.236040
727.561000	-5.196436
727.587000	-3.146931
727.612000	-3.493465
727.637000	-1.087525
727.663000	-5.137030
727.688000	12.506535
727.714000	-4.067723
727.739000	-5.038020
727.764000	-4.404356
727.790000	4.922376
727.815000	5.239208
727.841000	8.387723
727.866000	4.645149
727.891000	4.031287
727.917000	-9.612277
727.942000	-8.255842
727.967000	-2.998416
727.993000	-12.473663
728.018000	-1.018218
728.043000	1.437228
728.069000	7.249109
728.094000	10.526337
728.119000	0.803564
728.145000	14.783762
728.170000	5.773861
728.195000	4.516436
728.221000	13.496634
728.246000	0.229307
728.271000	-11.067723
728.297000	1.635248
728.322000	2.338218
728.347000	2.971881
728.373000	3.298614
728.398000	6.397624
728.423000	-3.533069
728.448000	2.684752
728.474000	2.803564
728.499000	7.417426
728.524000	-7.107327
728.550000	-6.869703
728.575000	-1.968713
728.600000	3.961980
728.625000	-2.107327
728.651000	4.635248
728.676000	-0.929109
728.701000	-1.750891
728.727000	1.358020
728.752000	-5.731089
728.777000	-1.572673
728.802000	2.625347
728.828000	5.565941
728.853000	0.585743
728.878000	-3.503366
728.903000	-6.552871
728.929000	-7.443960
728.954000	-4.414257
728.979000	6.664950
729.004000	-1.562772
729.030000	-4.770693
729.055000	7.892673
729.080000	-7.483564
729.105000	-4.691485
729.130000	11.387723
729.156000	7.288713
729.181000	0.526337
729.206000	-13.948911
729.231000	-5.622178
729.256000	7.625347
729.282000	5.021386
729.307000	-9.443960
729.332000	-5.810297
729.357000	-4.513267
729.382000	-1.275644
729.408000	2.259010
729.433000	4.546139
729.458000	4.783762
729.483000	9.684752
729.508000	16.565941
729.533000	6.348119
729.559000	4.645149
729.584000	-6.879604
729.609000	5.150099
729.634000	9.377822
729.659000	-2.503366
729.684000	-6.285545
729.710000	16.605545
729.735000	5.437228
729.760000	0.783762
729.785000	2.031287
729.810000	13.922376
729.835000	0.981782
729.860000	0.070891
729.886000	14.179802
729.911000	11.714455
729.936000	7.585743
729.961000	23.902574
729.986000	19.991683
730.011000	63.179802
730.036000	208.595644
730.061000	1006.447129
730.086000	2707.635248
730.112000	3398.674851
730.137000	2847.169901
730.162000	2125.942178
730.187000	1655.387723
730.212000	1269.288713
730.237000	800.328317
730.262000	455.199604
730.287000	240.763960
730.312000	145.655050
730.337000	73.773861
730.362000	63.506535
730.387000	37.724356
730.413000	17.635248
730.438000	14.328317
730.463000	18.427327
730.488000	9.783762
730.513000	10.496634
730.538000	5.853069
730.563000	21.744158
730.588000	16.605545
730.613000	17.813465
730.638000	4.338218
730.663000	3.714455
730.688000	22.367921
730.713000	11.833267
730.738000	6.179802
730.763000	2.833267
730.788000	-7.146931
730.813000	8.209505
730.838000	1.833267
730.863000	4.288713
730.888000	0.427327
730.913000	-2.731089
730.938000	-4.691485
730.963000	25.823366
730.988000	117.605545
731.013000	410.516436
731.038000	622.011485
731.063000	601.367921
731.088000	464.724356
731.113000	349.615446
731.138000	269.308515
731.163000	191.694653
731.188000	107.625347
731.213000	63.882772
731.238000	42.981782
731.263000	16.655050
731.288000	8.338218
731.313000	11.684752
731.338000	5.447129
731.363000	4.011485
731.388000	4.308515
731.413000	3.575842
731.438000	14.635248
731.463000	7.229307
731.487000	8.645149
731.512000	-3.295446
731.537000	-3.731089
731.562000	0.754059
731.587000	4.734257
731.612000	-3.344950
731.637000	-1.196436
731.662000	1.239208
731.687000	-1.641980
731.712000	-11.067723
731.737000	2.971881
731.762000	0.100594
731.786000	4.130297
731.811000	8.179802
731.836000	4.466931
731.861000	-0.137030
731.886000	-3.572673
731.911000	5.952079
731.936000	10.526337
731.961000	-0.394455
731.986000	-4.701386
732.010000	3.358020
732.035000	4.387723
732.060000	11.803564
732.085000	1.140198
732.110000	1.664950
732.135000	-10.047921
732.160000	-1.285545
732.184000	-0.285545
732.209000	0.704554
732.234000	5.239208
732.259000	-3.127129
732.284000	12.080792
732.309000	-4.216238
732.334000	-2.107327
732.358000	-11.800396
732.383000	-10.810297
732.408000	-2.820198
732.433000	2.892673
732.458000	1.328317
732.482000	4.150099
732.507000	-1.186535
732.532000	3.387723
732.557000	14.298614
732.582000	12.595644
732.607000	23.219406
732.631000	52.546139
732.656000	85.862970
732.681000	149.486733
732.706000	333.952079
732.730000	456.684752
732.755000	400.130297
732.780000	301.001584
732.805000	236.754059
732.830000	176.140198
732.854000	127.308515
732.879000	86.051089
732.904000	38.912475
732.929000	19.565941
732.953000	17.961980
732.978000	9.763960
733.003000	0.249109
733.028000	-2.434059
733.052000	9.199604
733.077000	4.308515
733.102000	11.358020
733.127000	-0.592475
733.151000	-1.305347
733.176000	7.397624
733.201000	-1.879604
733.226000	-5.047921
733.250000	1.645149
733.275000	0.031287
733.300000	1.615446
733.324000	14.664950
733.349000	6.516436
733.374000	14.288713
733.399000	1.130297
733.423000	-0.533069
733.448000	-2.404356
733.473000	-3.731089
733.497000	-1.612277
733.522000	-5.632079
733.547000	10.853069
733.571000	14.971881
733.596000	3.971881
733.621000	5.288713
733.646000	-0.968713
733.670000	6.051089
733.695000	-4.740990
733.720000	4.298614
733.744000	8.358020
733.769000	5.981782
733.794000	12.991683
733.818000	2.565941
733.843000	-3.384554
733.867000	-7.770693
733.892000	-2.473663
733.917000	-0.552871
733.941000	1.427327
733.966000	-6.978614
733.991000	-2.374653
734.015000	13.397624
734.040000	4.684752
734.065000	8.585743
734.089000	12.387723
734.114000	0.021386
734.138000	6.744158
734.163000	-3.166733
734.188000	4.912475
734.212000	9.506535
734.237000	6.259010
734.261000	3.546139
734.286000	-3.374653
734.311000	-2.691485
734.335000	-0.226139
734.360000	-2.533069
734.384000	4.031287
734.409000	4.536238
734.434000	-5.820198
734.458000	3.961980
734.483000	-1.582574
734.507000	-8.384554
734.532000	-3.038020
734.556000	1.615446
734.581000	-1.434059
734.606000	-1.226139
734.630000	-6.939010
734.655000	3.021386
734.679000	1.734257
734.704000	-0.038020
734.728000	-1.285545
734.753000	-3.899406
734.777000	3.021386
734.802000	-1.008317
734.826000	4.407525
734.851000	2.833267
734.876000	11.952079
734.900000	8.565941
734.925000	8.546139
734.949000	4.486733
734.974000	-0.216238
734.998000	5.605545
735.023000	-8.493465
735.047000	-10.572673
735.072000	13.664950
735.096000	0.793663
735.121000	1.397624
735.145000	-1.245941
735.170000	-0.384554
735.194000	6.239208
735.219000	-0.780594
735.243000	3.179802
735.268000	8.704554
735.292000	5.754059
735.317000	3.259010
735.341000	4.417426
735.365000	-12.196436
735.390000	7.684752
735.414000	6.674851
735.439000	3.516436
735.463000	1.209505
735.488000	6.021386
735.512000	0.575842
735.537000	-1.166733
735.561000	-0.572673
735.586000	-0.849901
735.610000	3.387723
735.634000	-3.830099
735.659000	4.110495
735.683000	16.734257
735.708000	-2.721188
735.732000	-4.671683
735.757000	-2.414257
735.781000	3.100594
735.805000	3.932277
735.830000	-8.206337
735.854000	-5.117228
735.879000	-1.711287
735.903000	10.140198
735.927000	6.140198
735.952000	3.417426
735.976000	-2.582574
736.001000	-2.117228
736.025000	-1.196436
736.049000	4.160000
736.074000	-0.641980
736.098000	-0.463762
736.123000	5.249109
736.147000	0.932277
736.171000	2.278812
736.196000	6.684752
736.220000	-7.374653
736.244000	1.585743
736.269000	0.664950
736.293000	-2.830099
736.317000	1.130297
736.342000	5.704554
736.366000	15.100594
736.390000	12.278812
736.415000	4.219406
736.439000	2.100594
736.463000	8.902574
736.488000	5.922376
736.512000	3.763960
736.536000	6.843168
736.561000	18.991683
736.585000	1.080792
736.609000	6.902574
736.634000	-4.701386
736.658000	-0.344950
736.682000	-8.087525
736.707000	-10.434059
736.731000	-8.443960
736.755000	-0.770693
736.780000	13.655050
736.804000	12.981782
736.828000	7.595644
736.852000	-3.087525
736.877000	2.021386
736.901000	6.793663
736.925000	2.942178
736.949000	6.457030
736.974000	-2.612277
736.998000	-7.216238
737.022000	2.714455
737.047000	-2.523168
737.071000	-2.374653
737.095000	11.546139
737.119000	22.070891
737.144000	8.536238
737.168000	-3.057822
737.192000	-3.929109
737.216000	5.922376
737.241000	-2.760792
737.265000	3.120396
737.289000	-0.483564
737.313000	-1.463762
737.337000	7.585743
737.362000	5.605545
737.386000	-1.077624
737.410000	-5.245941
737.434000	3.773861
737.459000	1.823366
737.483000	8.298614
737.507000	11.011485
737.531000	10.209505
737.555000	3.486733
737.580000	8.377822
737.604000	4.744158
737.628000	-8.414257
737.652000	-4.186535
737.676000	-3.384554
737.701000	5.565941
737.725000	2.486733
737.749000	7.823366
737.773000	2.219406
737.797000	-4.028119
737.821000	1.645149
737.846000	0.645149
737.870000	22.595644
737.894000	2.447129
737.918000	0.318416
737.942000	-2.137030
737.966000	11.090693
737.990000	10.070891
738.015000	5.328317
738.039000	4.655050
738.063000	-3.038020
738.087000	11.110495
738.111000	1.704554
738.135000	13.575842
738.159000	-0.146931
738.184000	1.457030
738.208000	5.754059
738.232000	4.387723
738.256000	15.120396
738.280000	9.229307
738.304000	12.367921
738.328000	-3.285545
738.352000	6.100594
738.376000	-0.097426
738.400000	6.664950
738.425000	8.516436
738.449000	-1.632079
738.473000	18.872871
738.497000	8.615446
738.521000	8.476832
738.545000	8.308515
738.569000	10.021386
738.593000	15.328317
738.617000	7.476832
738.641000	0.744158
738.665000	2.427327
738.689000	8.031287
738.713000	0.684752
738.737000	5.249109
738.762000	14.447129
738.786000	5.803564
738.810000	-9.137030
738.834000	11.080792
738.858000	-1.750891
738.882000	3.961980
738.906000	-2.424158
738.930000	4.367921
738.954000	3.486733
738.978000	8.288713
739.002000	-1.760792
739.026000	9.991683
739.050000	6.773861
739.074000	-1.988515
739.098000	22.060990
739.122000	14.041188
739.146000	7.872871
739.170000	12.615446
739.194000	8.803564
739.218000	-2.632079
739.242000	-1.206337
739.266000	-2.325149
739.290000	9.516436
739.314000	9.229307
739.338000	3.160000
739.362000	2.476832
739.386000	3.635248
739.410000	-3.572673
739.434000	-5.107327
739.458000	12.674851
739.482000	7.991683
739.506000	8.249109
739.530000	-1.869703
739.554000	11.694653
739.577000	-2.592475
739.601000	7.813465
739.625000	-6.107327
739.649000	-0.503366
739.673000	-4.651881
739.697000	7.041188
739.721000	-2.305347
739.745000	8.169901
739.769000	10.823366
739.793000	8.259010
739.817000	11.229307
739.841000	-5.552871
739.865000	3.041188
739.889000	-8.691485
739.912000	8.575842
739.936000	-1.691485
739.960000	0.070891
739.984000	11.922376
740.008000	1.427327
740.032000	-4.830099
740.056000	0.437228
740.080000	3.110495
740.104000	-2.731089
740.127000	7.526337
740.151000	9.536238
740.175000	8.961980
740.199000	9.912475
740.223000	45.575842
740.247000	10.457030
740.271000	4.160000
740.295000	-2.800396
740.318000	-12.255842
740.342000	-5.542970
740.366000	2.427327
740.390000	8.209505
740.414000	-2.028119
740.438000	-4.998416
740.461000	14.397624
740.485000	5.981782
740.509000	-5.275644
740.533000	8.160000
740.557000	-2.820198
740.581000	-1.731089
740.604000	-9.731089
740.628000	-0.117228
740.652000	9.763960
740.676000	-0.097426
740.700000	11.288713
740.723000	-0.176634
740.747000	-4.691485
740.771000	-1.711287
740.795000	-5.998416
740.819000	7.942178
740.842000	4.833267
740.866000	9.209505
740.890000	4.447129
740.914000	-2.899406
740.938000	-7.770693
740.961000	10.773861
740.985000	4.387723
741.009000	-1.790495
741.033000	7.902574
741.056000	2.902574
741.080000	-2.236040
741.104000	-3.612277
741.128000	-1.384554
741.151000	10.496634
741.175000	3.744158
741.199000	6.605545
741.223000	8.922376
741.246000	-4.820198
741.270000	6.813465
741.294000	6.427327
741.318000	-2.780594
741.341000	-1.473663
741.365000	4.060990
741.389000	4.526337
741.413000	10.397624
741.436000	13.615446
741.460000	6.447129
741.484000	11.942178
741.507000	3.100594
741.531000	23.011485
741.555000	13.031287
741.579000	4.011485
741.602000	5.595644
741.626000	7.229307
741.650000	-0.998416
741.673000	4.150099
741.697000	9.496634
741.721000	4.684752
741.744000	-11.602376
741.768000	-4.523168
741.792000	2.655050
741.815000	-2.097426
741.839000	12.961980
741.863000	16.249109
741.886000	13.407525
741.910000	10.892673
741.934000	4.268911
741.957000	-10.503366
741.981000	10.645149
742.005000	1.942178
742.028000	-6.156832
742.052000	-4.810297
742.075000	6.991683
742.099000	11.754059
742.123000	0.892673
742.146000	2.674851
742.170000	4.526337
742.194000	-8.948911
742.217000	-4.354851
742.241000	-3.889505
742.264000	-0.344950
742.288000	18.763960
742.312000	7.288713
742.335000	1.367921
742.359000	2.070891
742.382000	12.239208
742.406000	15.655050
742.430000	-7.127129
742.453000	2.358020
742.477000	-8.137030
742.500000	-2.503366
742.524000	-5.087525
742.548000	-5.483564
742.571000	-0.018218
742.595000	-1.265743
742.618000	-4.542970
742.642000	-3.047921
742.665000	9.278812
742.689000	-4.978614
742.712000	6.645149
742.736000	-1.028119
742.760000	2.694653
742.783000	-0.562772
742.807000	8.447129
742.830000	12.001584
742.854000	-7.701386
742.877000	-1.731089
742.901000	0.080792
742.924000	-5.057822
742.948000	3.348119
742.971000	6.486733
742.995000	4.160000
743.018000	-9.681584
743.042000	-7.315248
743.065000	-2.335050
743.089000	-5.740990
743.112000	1.991683
743.136000	-3.245941
743.159000	-4.443960
743.183000	-2.424158
743.206000	5.328317
743.230000	-2.750891
743.253000	5.070891
743.277000	7.100594
743.300000	-2.671683
743.324000	-0.354851
743.347000	-4.513267
743.371000	14.556040
743.394000	9.278812
743.418000	17.259010
743.441000	7.932277
743.465000	4.981782
743.488000	5.298614
743.512000	-5.859802
743.535000	-0.137030
743.558000	1.882772
743.582000	3.664950
743.605000	3.278812
743.629000	7.981782
743.652000	7.308515
743.676000	0.714455
743.699000	8.625347
743.723000	7.100594
743.746000	9.199604
743.769000	-1.394455
743.793000	3.843168
743.816000	-2.998416
743.840000	13.249109
743.863000	-0.493465
743.886000	5.130297
743.910000	13.031287
743.933000	6.853069
743.957000	5.377822
743.980000	-0.473663
744.003000	2.328317
744.027000	3.734257
744.050000	-0.513267
744.074000	3.585743
744.097000	-11.097426
744.120000	-3.047921
744.144000	-6.721188
744.167000	8.041188
744.190000	0.199604
744.214000	-1.879604
744.237000	-6.008317
744.260000	11.219406
744.284000	-0.364752
744.307000	-8.542970
744.331000	2.051089
744.354000	-6.849901
744.377000	-4.939010
744.401000	-1.721188
744.424000	-1.711287
744.447000	-9.552871
744.471000	-7.384554
