245.660000	-69.304752
245.797000	-69.304752
245.934000	-69.304752
246.071000	-70.819604
246.208000	9.774455
246.344000	3.655644
246.481000	-8.512673
246.618000	-8.661188
246.755000	12.180396
246.892000	-1.789901
247.029000	-9.086931
247.165000	-11.978020
247.302000	11.616040
247.439000	1.190297
247.576000	8.596238
247.713000	-10.176040
247.849000	23.111089
247.986000	-10.146337
248.123000	2.982376
248.260000	-4.166139
248.396000	11.398218
248.533000	3.992277
248.670000	-3.284950
248.806000	5.220000
248.943000	-11.750297
249.080000	-3.116634
249.216000	10.675446
249.353000	-12.522574
249.490000	-3.205743
249.626000	1.863564
249.763000	-1.096832
249.900000	-8.077030
250.036000	1.041782
250.173000	6.814059
250.309000	3.021980
250.446000	2.774455
250.582000	-1.780000
250.719000	-8.671089
250.856000	-2.928515
250.992000	-4.383960
251.129000	-3.265149
251.265000	-7.255248
251.402000	-0.750297
251.538000	-2.492871
251.675000	-1.780000
251.811000	12.021980
251.948000	16.160594
252.084000	6.012079
252.221000	-0.304752
252.357000	-5.879010
252.493000	22.922970
252.630000	-0.245347
252.766000	14.873465
252.903000	0.685347
253.039000	-2.522574
253.175000	-2.136436
253.312000	7.913069
253.448000	-5.185941
253.585000	-14.532475
253.721000	8.635842
253.857000	-2.750297
253.994000	6.853663
254.130000	2.012079
254.266000	3.774455
254.403000	2.556634
254.539000	4.319010
254.675000	10.497228
254.811000	5.269505
254.948000	2.180396
255.084000	-3.195842
255.220000	-7.453267
255.356000	0.338812
255.493000	7.061584
255.629000	6.239802
255.765000	5.180396
255.901000	11.982376
256.037000	5.754653
256.174000	7.744752
256.310000	-5.869109
256.446000	-4.136436
256.582000	-1.205743
256.718000	10.210099
256.854000	17.041782
256.991000	8.309109
257.127000	15.130891
257.263000	1.210099
257.399000	6.041782
257.535000	-4.829505
257.671000	0.160594
257.807000	-7.680990
257.943000	-7.611683
258.079000	-11.185941
258.215000	-2.482970
258.351000	16.635842
258.487000	4.863564
258.623000	19.368515
258.759000	1.427921
258.895000	-0.661188
259.031000	-1.106733
259.167000	-9.780000
259.303000	15.229901
259.439000	-0.631485
259.575000	-1.393861
259.711000	0.655644
259.847000	-5.265149
259.983000	7.804158
260.119000	-1.987921
260.255000	-3.700792
260.391000	6.497228
260.527000	8.942772
260.663000	14.309109
260.799000	8.695248
260.934000	1.150693
261.070000	-2.374059
261.206000	-10.651287
261.342000	-12.978020
261.478000	12.873465
261.614000	12.635842
261.749000	6.606139
261.885000	0.299208
262.021000	1.625941
262.157000	15.239802
262.293000	0.477426
262.428000	-4.641386
262.564000	-1.374059
262.700000	8.477426
262.836000	0.309109
262.971000	14.497228
263.107000	7.427921
263.243000	19.774455
263.378000	5.546733
263.514000	-12.126535
263.650000	1.893267
263.785000	-10.839406
263.921000	-4.750297
264.057000	1.220000
264.192000	8.190297
264.328000	17.348713
264.464000	-4.354257
264.599000	7.883366
264.735000	16.328911
264.871000	-4.978020
265.006000	6.507129
265.142000	2.071485
265.277000	5.388317
265.413000	12.794257
265.548000	14.190297
265.684000	16.081386
265.819000	1.279406
265.955000	-8.799802
266.091000	-9.908713
266.226000	-7.037426
266.362000	1.536832
266.497000	7.309109
266.633000	-0.334455
266.768000	-4.136436
266.903000	11.863564
267.039000	12.497228
267.174000	17.883366
267.310000	-1.166139
267.445000	-2.502772
267.581000	-3.314653
267.716000	10.338812
267.851000	7.913069
267.987000	11.863564
268.122000	17.269505
268.258000	-2.334455
268.393000	-3.631485
268.528000	11.477426
268.664000	-3.819604
268.799000	-9.601782
268.934000	4.744752
269.070000	-4.057228
269.205000	4.883366
269.340000	20.913069
269.476000	4.586337
269.611000	-8.136436
269.746000	16.952673
269.881000	8.734851
270.017000	16.259604
270.152000	3.606139
270.287000	6.883366
270.422000	11.932871
270.558000	-3.403762
270.693000	10.972475
270.828000	-1.403762
270.963000	-0.532475
271.098000	-4.512673
271.234000	-1.067129
271.369000	15.566535
271.504000	3.665545
271.639000	-7.789901
271.774000	-1.077030
271.909000	2.715050
272.045000	-14.918614
272.180000	-1.918614
272.315000	0.071485
272.450000	13.269505
272.585000	-7.413663
272.720000	1.061584
272.855000	4.388317
272.990000	16.843762
273.125000	-4.780000
273.260000	-9.512673
273.395000	-5.601782
273.530000	-2.661188
273.665000	12.576436
273.800000	3.576436
273.935000	4.744752
274.070000	3.873465
274.205000	8.685347
274.340000	0.418020
274.475000	-1.720594
274.610000	16.299208
274.745000	-0.661188
274.880000	18.180396
275.015000	-8.047327
275.150000	4.744752
275.285000	11.249703
275.420000	5.309109
275.555000	15.863564
275.690000	9.101188
275.825000	-0.364158
275.959000	10.843762
276.094000	-1.987921
276.229000	-1.651287
276.364000	-6.443366
276.499000	0.150693
276.634000	-1.096832
276.768000	-0.096832
276.903000	5.705149
277.038000	13.685347
277.173000	7.190297
277.308000	0.833861
277.442000	-3.740396
277.577000	-6.453267
277.712000	-0.126535
277.847000	-0.057228
277.981000	8.724950
278.116000	-13.720594
278.251000	6.160594
278.386000	6.853663
278.520000	8.041782
278.655000	1.952673
278.790000	13.596238
278.924000	6.447723
279.059000	10.724950
279.194000	-9.601782
279.328000	29.893267
279.463000	10.427921
279.598000	19.982376
279.732000	12.061584
279.867000	11.012079
280.001000	13.071485
280.136000	2.774455
280.271000	8.942772
280.405000	9.873465
280.540000	3.348713
280.674000	-3.908713
280.809000	17.249703
280.943000	3.685347
281.078000	2.833861
281.213000	18.497228
281.347000	13.398218
281.482000	9.576436
281.616000	0.616040
281.751000	1.051683
281.885000	-12.116634
282.020000	-1.413663
282.154000	9.200198
282.288000	-9.641386
282.423000	-7.997822
282.557000	-10.621584
282.692000	6.140792
282.826000	2.447723
282.961000	11.705149
283.095000	0.497228
283.229000	-1.621584
283.364000	-9.275050
283.498000	0.269505
283.633000	6.952673
283.767000	4.655644
283.901000	2.764554
284.036000	4.051683
284.170000	-2.879010
284.304000	-2.898812
284.439000	6.200198
284.573000	1.031881
284.707000	16.536832
284.842000	0.041782
284.976000	-1.661188
285.110000	-7.968119
285.244000	6.269505
285.379000	41.457624
285.513000	-3.760198
285.647000	7.823960
285.781000	4.279406
285.916000	15.972475
286.050000	0.932871
286.184000	23.645743
286.318000	11.853663
286.453000	-4.195842
286.587000	-10.344356
286.721000	-5.710693
286.855000	6.893267
286.989000	13.051683
287.123000	-0.809703
287.258000	-5.740396
287.392000	-0.176040
287.526000	9.715050
287.660000	1.120990
287.794000	1.388317
287.928000	1.150693
288.062000	9.368515
288.196000	-0.017624
288.330000	7.319010
288.464000	19.893267
288.598000	13.259604
288.733000	7.061584
288.867000	16.249703
289.001000	6.764554
289.135000	5.833861
289.269000	-3.601782
289.403000	1.606139
289.537000	5.220000
289.671000	9.031881
289.805000	-8.888911
289.939000	5.437822
290.073000	1.962574
290.207000	15.101188
290.340000	1.774455
290.474000	17.378416
290.608000	12.190297
290.742000	0.487327
290.876000	-2.324554
291.010000	0.913069
291.144000	22.685347
291.278000	15.784356
291.412000	7.348713
291.546000	1.259604
291.679000	-2.671089
291.813000	3.526931
291.947000	5.566535
292.081000	-0.730495
292.215000	1.734851
292.349000	13.012079
292.482000	11.814059
292.616000	1.021980
292.750000	5.081386
292.884000	7.655644
293.018000	2.338812
293.151000	-13.304752
293.285000	5.932871
293.419000	-5.720594
293.553000	-2.126535
293.686000	-6.690891
293.820000	5.101188
293.954000	18.784356
294.088000	23.724950
294.221000	-1.057228
294.355000	-3.869109
294.489000	4.556634
294.622000	-4.057228
294.756000	2.913069
294.890000	6.467525
295.023000	9.160594
295.157000	11.972475
295.291000	11.180396
295.424000	18.378416
295.558000	6.289307
295.691000	3.249703
295.825000	1.120990
295.959000	6.388317
296.092000	-1.413663
296.226000	2.794257
296.359000	6.210099
296.493000	8.655644
296.627000	5.635842
296.760000	4.437822
296.894000	-0.651287
297.027000	3.140792
297.161000	2.170495
297.294000	-10.047327
297.428000	0.734851
297.561000	22.021980
297.695000	-3.007723
297.828000	0.130891
297.962000	-1.849307
298.095000	-4.245347
298.229000	4.734851
298.362000	-6.443366
298.495000	-7.641386
298.629000	-7.542376
298.762000	2.190297
298.896000	2.744752
299.029000	-9.126535
299.162000	3.982376
299.296000	7.031881
299.429000	-0.621584
299.563000	4.289307
299.696000	6.081386
299.829000	6.388317
299.963000	15.833861
300.096000	12.566535
300.229000	8.655644
300.363000	3.922970
300.496000	7.477426
300.629000	-13.017624
300.763000	-2.275050
300.896000	0.526931
301.029000	8.259604
301.162000	5.170495
301.296000	-8.195842
301.429000	3.853663
301.562000	-15.601782
301.695000	8.942772
301.829000	8.289307
301.962000	19.883366
302.095000	4.754653
302.228000	-7.572079
302.362000	4.031881
302.495000	-7.799802
302.628000	6.497228
302.761000	1.368515
302.894000	4.913069
303.027000	15.338812
303.161000	-3.661188
303.294000	-6.096832
303.427000	13.358614
303.560000	5.200198
303.693000	0.744752
303.826000	0.715050
303.959000	0.467525
304.092000	1.942772
304.225000	-1.859208
304.359000	5.873465
304.492000	7.180396
304.625000	-3.037426
304.758000	9.596238
304.891000	-8.611683
305.024000	2.774455
305.157000	-0.502772
305.290000	-6.968119
305.423000	-1.651287
305.556000	11.091287
305.689000	19.695248
305.822000	-0.156238
305.955000	2.962574
306.088000	-0.453267
306.221000	0.259604
306.354000	-3.938416
306.487000	-6.770099
306.620000	-7.740396
306.752000	-0.928515
306.885000	5.705149
307.018000	2.487327
307.151000	8.705149
307.284000	11.299208
307.417000	-5.156238
307.550000	9.150693
307.683000	2.942772
307.816000	13.804158
307.948000	7.487327
308.081000	13.883366
308.214000	11.457624
308.347000	19.734851
308.480000	-3.601782
308.613000	-8.304752
308.745000	9.229901
308.878000	-3.621584
309.011000	1.625941
309.144000	11.398218
309.277000	1.338812
309.409000	12.368515
309.542000	1.239802
309.675000	13.130891
309.808000	6.319010
309.940000	18.903168
310.073000	-7.433465
310.206000	-3.482970
310.339000	9.071485
310.471000	-10.166139
310.604000	16.259604
310.737000	-1.829505
310.869000	1.279406
311.002000	1.408119
311.135000	-1.492871
311.267000	-12.057228
311.400000	-0.572079
311.533000	19.150693
311.665000	0.863564
311.798000	2.497228
311.930000	11.160594
312.063000	27.279406
312.196000	44.140792
312.328000	79.051683
312.461000	52.487327
312.593000	29.685347
312.726000	53.259604
312.859000	97.418020
312.991000	164.665545
313.124000	44.447723
313.256000	20.437822
313.389000	10.893267
313.521000	-1.314653
313.654000	1.041782
313.786000	-9.978020
313.919000	-4.037426
314.051000	2.051683
314.184000	10.140792
314.316000	9.140792
314.449000	-11.888911
314.581000	-1.453267
314.714000	-0.928515
314.846000	6.398218
314.978000	-7.136436
315.111000	-4.680990
315.243000	5.517030
315.376000	8.210099
315.508000	8.794257
315.641000	3.606139
315.773000	18.140792
315.905000	7.724950
316.038000	0.556634
316.170000	3.823960
316.302000	6.546733
316.435000	3.071485
316.567000	-0.176040
316.699000	19.447723
316.832000	-4.136436
316.964000	-0.819604
317.096000	-1.819604
317.229000	-5.581980
317.361000	-16.265149
317.493000	-3.591881
317.625000	-7.908713
317.758000	7.299208
317.890000	14.279406
318.022000	3.368515
318.155000	-2.146337
318.287000	4.715050
318.419000	2.814059
318.551000	4.081386
318.683000	3.150693
318.816000	-1.690891
318.948000	-2.473069
319.080000	-7.690891
319.212000	4.180396
319.344000	7.220000
319.477000	1.883366
319.609000	10.012079
319.741000	12.635842
319.873000	0.210099
320.005000	1.200198
320.137000	4.031881
320.269000	5.378416
320.401000	4.101188
320.534000	-0.502772
320.666000	-12.215644
320.798000	-9.680990
320.930000	-1.156238
321.062000	-5.661188
321.194000	-3.512673
321.326000	5.180396
321.458000	11.715050
321.590000	3.922970
321.722000	-4.275050
321.854000	1.774455
321.986000	4.249703
322.118000	6.536832
322.250000	-5.859208
322.382000	2.200198
322.514000	-2.631485
322.646000	-5.671089
322.778000	15.338812
322.910000	-2.700792
323.042000	5.517030
323.174000	4.299208
323.306000	-5.710693
323.438000	-14.304752
323.570000	3.536832
323.702000	3.388317
323.834000	1.338812
323.966000	-8.908713
324.097000	1.843762
324.229000	13.507129
324.361000	11.200198
324.493000	6.249703
324.625000	-3.611683
324.757000	7.784356
324.889000	3.120990
325.021000	10.229901
325.152000	18.358614
325.284000	19.556634
325.416000	-1.898812
325.548000	15.378416
325.680000	0.606139
325.811000	20.041782
325.943000	13.101188
326.075000	-4.195842
326.207000	9.507129
326.339000	12.200198
326.470000	3.210099
326.602000	12.814059
326.734000	13.913069
326.866000	16.427921
326.997000	-7.245347
327.129000	-2.819604
327.261000	-9.631485
327.392000	-2.304752
327.524000	4.586337
327.656000	3.972475
327.787000	12.338812
327.919000	7.972475
328.051000	9.982376
328.182000	20.913069
328.314000	24.041782
328.446000	3.625941
328.577000	19.180396
328.709000	10.249703
328.841000	-8.512673
328.972000	-6.512673
329.104000	-2.324554
329.235000	3.289307
329.367000	-2.086931
329.499000	2.606139
329.630000	8.368515
329.762000	5.932871
329.893000	14.932871
330.025000	4.922970
330.156000	-9.710693
330.288000	9.992277
330.419000	15.804158
330.551000	13.170495
330.683000	10.418020
330.814000	0.566535
330.946000	15.130891
331.077000	-2.473069
331.208000	-3.077030
331.340000	0.279406
331.471000	-5.760198
331.603000	4.546733
331.734000	-7.780000
331.866000	6.635842
331.997000	6.200198
332.129000	3.566535
332.260000	2.081386
332.392000	17.665545
332.523000	5.249703
332.654000	-5.096832
332.786000	3.071485
332.917000	0.101188
333.048000	17.536832
333.180000	23.734851
333.311000	0.130891
333.443000	7.111089
333.574000	9.457624
333.705000	35.853663
333.837000	40.061584
333.968000	118.665545
334.099000	229.705149
334.231000	208.873465
334.362000	55.477426
334.493000	28.932871
334.624000	21.843762
334.756000	13.507129
334.887000	12.804158
335.018000	10.586337
335.150000	18.526931
335.281000	11.586337
335.412000	22.269505
335.543000	13.903168
335.675000	9.378416
335.806000	11.120990
335.937000	6.398218
336.068000	14.695248
336.199000	34.130891
336.331000	4.041782
336.462000	7.210099
336.593000	17.259604
336.724000	3.120990
336.855000	9.249703
336.986000	18.210099
337.118000	16.051683
337.249000	15.031881
337.380000	14.051683
337.511000	9.823960
337.642000	14.111089
337.773000	10.942772
337.904000	12.398218
338.035000	13.744752
338.166000	7.823960
338.298000	12.932871
338.429000	2.457624
338.560000	18.447723
338.691000	22.823960
338.822000	13.348713
338.953000	16.873465
339.084000	21.705149
339.215000	19.546733
339.346000	11.388317
339.477000	10.061584
339.608000	9.893267
339.739000	8.526931
339.870000	9.041782
340.001000	7.398218
340.132000	19.715050
340.263000	10.051683
340.394000	19.269505
340.525000	14.794257
340.656000	2.041782
340.787000	-1.383960
340.918000	27.843762
341.049000	17.120990
341.179000	12.635842
341.310000	13.427921
341.441000	17.546733
341.572000	19.031881
341.703000	14.229901
341.834000	2.299208
341.965000	19.853663
342.096000	9.754653
342.227000	15.249703
342.357000	12.180396
342.488000	15.002178
342.619000	16.734851
342.750000	16.804158
342.881000	7.200198
343.012000	31.081386
343.142000	36.843762
343.273000	10.932871
343.404000	21.665545
343.535000	44.606139
343.666000	32.002178
343.796000	29.160594
343.927000	29.586337
344.058000	33.794257
344.189000	31.259604
344.319000	28.922970
344.450000	24.061584
344.581000	23.239802
344.712000	8.913069
344.842000	23.744752
344.973000	20.190297
345.104000	29.804158
345.234000	19.150693
345.365000	11.685347
345.496000	21.497228
345.626000	28.804158
345.757000	31.031881
345.888000	12.942772
346.018000	29.190297
346.149000	24.853663
346.280000	41.328911
346.410000	18.319010
346.541000	31.576436
346.672000	19.546733
346.802000	32.526931
346.933000	26.447723
347.063000	25.536832
347.194000	25.804158
347.325000	30.150693
347.455000	40.497228
347.586000	30.457624
347.716000	18.289307
347.847000	35.269505
347.977000	36.408119
348.108000	42.754653
348.238000	41.012079
348.369000	35.823960
348.499000	43.497228
348.630000	42.081386
348.760000	46.992277
348.891000	51.517030
349.021000	55.823960
349.152000	53.289307
349.282000	52.556634
349.413000	41.447723
349.543000	52.962574
349.674000	33.021980
349.804000	39.764554
349.935000	23.566535
350.065000	26.764554
350.196000	22.210099
350.326000	28.467525
350.456000	18.596238
350.587000	35.814059
350.717000	23.031881
350.848000	28.120990
350.978000	29.754653
351.108000	11.269505
351.239000	34.754653
351.369000	17.299208
351.499000	18.972475
351.630000	25.823960
351.760000	21.457624
351.890000	20.051683
352.021000	22.794257
352.151000	15.616040
352.281000	27.012079
352.412000	30.160594
352.542000	24.180396
352.672000	18.606139
352.803000	20.378416
352.933000	23.942772
353.063000	25.041782
353.193000	22.081386
353.324000	19.140792
353.454000	29.180396
353.584000	33.299208
353.714000	17.368515
353.845000	19.853663
353.975000	13.210099
354.105000	15.695248
354.235000	23.358614
354.365000	23.091287
354.496000	20.655644
354.626000	29.220000
354.756000	28.823960
354.886000	18.526931
355.016000	26.418020
355.146000	19.853663
355.277000	24.814059
355.407000	18.091287
355.537000	24.348713
355.667000	26.338812
355.797000	23.021980
355.927000	16.635842
356.057000	26.348713
356.187000	16.635842
356.318000	17.724950
356.448000	25.962574
356.578000	29.319010
356.708000	35.883366
356.838000	29.606139
356.968000	26.101188
357.098000	29.814059
357.228000	34.913069
357.358000	23.101188
357.488000	22.794257
357.618000	52.635842
357.748000	40.556634
357.878000	27.913069
358.008000	21.616040
358.138000	22.319010
358.268000	21.665545
358.398000	35.685347
358.528000	12.071485
358.658000	28.952673
358.788000	25.229901
358.918000	31.091287
359.048000	27.002178
359.178000	36.457624
359.308000	32.200198
359.438000	43.289307
359.568000	36.081386
359.698000	33.794257
359.827000	23.873465
359.957000	28.487327
360.087000	27.932871
360.217000	23.101188
360.347000	33.576436
360.477000	39.596238
360.607000	13.972475
360.737000	35.526931
360.866000	24.071485
360.996000	16.091287
361.126000	19.457624
361.256000	46.210099
361.386000	41.982376
361.516000	41.992277
361.645000	16.180396
361.775000	36.378416
361.905000	16.873465
362.035000	38.427921
362.165000	34.378416
362.294000	42.061584
362.424000	49.427921
362.554000	44.091287
362.684000	29.814059
362.813000	41.299208
362.943000	53.635842
363.073000	50.368515
363.203000	59.348713
363.332000	72.556634
363.462000	76.952673
363.592000	100.021980
363.721000	121.833861
363.851000	159.814059
363.981000	204.962574
364.111000	250.150693
364.240000	319.952673
364.370000	487.507129
364.500000	860.695248
364.629000	1818.903168
364.759000	3862.378416
364.888000	6291.754653
365.018000	9412.576436
365.148000	14817.269505
365.277000	12992.210099
365.407000	4772.170495
365.537000	3117.576436
365.666000	4046.120990
365.796000	1832.239802
365.925000	802.913069
366.055000	762.576436
366.184000	1034.665545
366.314000	1396.200198
366.444000	2474.814059
366.573000	2120.398218
366.703000	660.220000
366.832000	215.002178
366.962000	116.398218
367.091000	88.873465
367.221000	78.536832
367.350000	56.526931
367.480000	84.823960
367.609000	52.497228
367.739000	56.457624
367.868000	32.546733
367.998000	46.942772
368.127000	49.942772
368.257000	56.269505
368.386000	56.259604
368.516000	52.992277
368.645000	37.021980
368.775000	47.249703
368.904000	36.309109
369.033000	29.279406
369.163000	26.021980
369.292000	43.665545
369.422000	38.942772
369.551000	44.477426
369.680000	40.774455
369.810000	41.982376
369.939000	27.269505
370.069000	52.358614
370.198000	40.368515
370.327000	26.051683
370.457000	35.427921
370.586000	44.180396
370.715000	32.051683
370.845000	31.210099
370.974000	39.982376
371.103000	51.734851
371.233000	50.408119
371.362000	49.754653
371.491000	33.972475
371.621000	54.437822
371.750000	45.715050
371.879000	39.012079
372.008000	46.576436
372.138000	51.259604
372.267000	59.457624
372.396000	51.021980
372.525000	37.437822
372.655000	31.358614
372.784000	27.200198
372.913000	28.645743
373.042000	31.586337
373.172000	39.566535
373.301000	6.348713
373.430000	8.170495
373.559000	16.724950
373.688000	26.408119
373.818000	31.002178
373.947000	30.398218
374.076000	18.012079
374.205000	28.130891
374.334000	15.566535
374.463000	10.111089
374.593000	24.913069
374.722000	27.645743
374.851000	33.398218
374.980000	13.279406
375.109000	19.279406
375.238000	30.378416
375.367000	40.546733
375.496000	8.140792
375.625000	6.398218
375.755000	28.002178
375.884000	36.150693
376.013000	31.220000
376.142000	8.338812
376.271000	16.348713
376.400000	21.517030
376.529000	24.744752
376.658000	28.408119
376.787000	24.517030
376.916000	24.061584
377.045000	19.210099
377.174000	21.091287
377.303000	20.160594
377.432000	38.546733
377.561000	32.536832
377.690000	20.625941
377.819000	37.873465
377.948000	20.556634
378.077000	13.091287
378.206000	8.526931
378.335000	13.992277
378.464000	12.299208
378.593000	32.398218
378.722000	10.685347
378.851000	15.091287
378.980000	27.051683
379.108000	7.378416
379.237000	5.338812
379.366000	21.596238
379.495000	27.418020
379.624000	22.140792
379.753000	17.041782
379.882000	18.705149
380.011000	7.744752
380.140000	7.784356
380.268000	18.200198
380.397000	11.754653
380.526000	32.239802
380.655000	10.477426
380.784000	-1.334455
380.913000	9.685347
381.041000	12.734851
381.170000	1.507129
381.299000	11.259604
381.428000	21.447723
381.557000	20.764554
381.685000	15.586337
381.814000	21.853663
381.943000	15.685347
382.072000	6.804158
382.200000	8.477426
382.329000	16.071485
382.458000	16.517030
382.587000	28.972475
382.715000	32.467525
382.844000	22.229901
382.973000	20.863564
383.102000	17.051683
383.230000	15.784356
383.359000	4.754653
383.488000	23.794257
383.616000	13.635842
383.745000	5.972475
383.874000	16.962574
384.003000	14.299208
384.131000	10.140792
384.260000	13.150693
384.389000	24.041782
384.517000	9.012079
384.646000	7.645743
384.774000	16.328911
384.903000	32.120990
385.032000	33.665545
385.160000	22.328911
385.289000	16.744752
385.418000	18.437822
385.546000	22.091287
385.675000	27.754653
385.803000	20.883366
385.932000	23.942772
386.060000	9.913069
386.189000	18.566535
386.318000	20.754653
386.446000	16.814059
386.575000	25.744752
386.703000	27.002178
386.832000	15.319010
386.960000	5.319010
387.089000	31.408119
387.217000	19.596238
387.346000	12.814059
387.474000	20.942772
387.603000	23.140792
387.731000	22.279406
387.860000	30.180396
387.988000	23.625941
388.117000	30.239802
388.245000	19.863564
388.374000	14.319010
388.502000	28.645743
388.631000	9.952673
388.759000	13.586337
388.888000	21.655644
389.016000	14.051683
389.144000	18.091287
389.273000	19.536832
389.401000	15.467525
389.530000	8.447723
389.658000	33.051683
389.786000	12.734851
389.915000	12.328911
390.043000	13.596238
390.172000	25.774455
390.300000	44.328911
390.428000	39.408119
390.557000	23.586337
390.685000	38.645743
390.813000	46.477426
390.942000	43.358614
391.070000	23.873465
391.198000	18.279406
391.327000	15.863564
391.455000	10.051683
391.583000	36.992277
391.712000	28.883366
391.840000	24.784356
391.968000	18.655644
392.096000	18.447723
392.225000	16.625941
392.353000	27.675446
392.481000	22.398218
392.609000	36.863564
392.738000	27.249703
392.866000	30.853663
392.994000	15.299208
393.122000	37.120990
393.251000	20.932871
393.379000	17.130891
393.507000	8.566535
393.635000	19.269505
393.764000	29.160594
393.892000	31.526931
394.020000	19.685347
394.148000	22.160594
394.276000	27.031881
394.404000	45.556634
394.533000	24.804158
394.661000	27.616040
394.789000	38.566535
394.917000	41.101188
395.045000	18.784356
395.173000	15.724950
395.302000	21.517030
395.430000	28.279406
395.558000	37.220000
395.686000	34.220000
395.814000	37.675446
395.942000	22.744752
396.070000	31.774455
396.198000	33.804158
396.326000	34.814059
396.454000	42.922970
396.582000	36.913069
396.711000	29.180396
396.839000	35.427921
396.967000	32.536832
397.095000	23.447723
397.223000	33.942772
397.351000	51.695248
397.479000	45.645743
397.607000	33.695248
397.735000	49.210099
397.863000	52.437822
397.991000	47.715050
398.119000	32.398218
398.247000	45.497228
398.375000	48.744752
398.503000	46.903168
398.631000	53.546733
398.759000	59.873465
398.887000	51.972475
399.015000	45.794257
399.143000	54.992277
399.271000	64.695248
399.399000	67.992277
399.526000	74.091287
399.654000	83.160594
399.782000	62.774455
399.910000	96.041782
400.038000	96.002178
400.166000	83.210099
400.294000	87.388317
400.422000	81.368515
400.550000	107.764554
400.678000	107.873465
400.805000	110.724950
400.933000	112.952673
401.061000	120.942772
401.189000	118.309109
401.317000	142.833861
401.445000	105.645743
401.573000	78.190297
401.700000	52.873465
401.828000	50.388317
401.956000	51.744752
402.084000	45.843762
402.212000	38.051683
402.340000	33.180396
402.467000	35.952673
402.595000	40.903168
402.723000	42.606139
402.851000	62.853663
402.978000	55.695248
403.106000	76.922970
403.234000	85.863564
403.362000	115.388317
403.489000	124.823960
403.617000	153.200198
403.745000	198.041782
403.873000	282.190297
404.000000	564.160594
404.128000	1462.249703
404.256000	3927.269505
404.384000	5110.031881
404.511000	5465.566535
404.639000	7212.467525
404.767000	11456.012079
404.894000	14642.061584
405.022000	4926.913069
405.150000	1303.715050
405.277000	423.101188
405.405000	239.596238
405.533000	131.358614
405.660000	110.883366
405.788000	60.606139
405.916000	66.210099
406.043000	46.091287
406.171000	58.190297
406.299000	58.319010
406.426000	63.002178
406.554000	54.249703
406.681000	67.952673
406.809000	50.418020
406.937000	61.130891
407.064000	65.744752
407.192000	131.556634
407.319000	304.051683
407.447000	524.289307
407.574000	540.031881
407.702000	629.120990
407.830000	852.081386
407.957000	1600.764554
408.085000	940.220000
408.212000	280.002178
408.340000	100.962574
408.467000	58.170495
408.595000	46.210099
408.722000	54.091287
408.850000	49.903168
408.977000	32.328911
409.105000	31.972475
409.232000	36.002178
409.360000	30.695248
409.487000	31.408119
409.615000	30.774455
409.742000	34.418020
409.870000	29.140792
409.997000	41.536832
410.125000	36.863564
410.252000	42.903168
410.379000	27.180396
410.507000	38.576436
410.634000	29.408119
410.762000	28.120990
410.889000	40.526931
411.017000	33.229901
411.144000	35.774455
411.271000	22.368515
411.399000	28.437822
411.526000	28.804158
411.653000	31.873465
411.781000	40.249703
411.908000	31.477426
412.036000	21.081386
412.163000	37.655644
412.290000	34.606139
412.418000	28.200198
412.545000	34.012079
412.672000	24.804158
412.800000	49.269505
412.927000	34.893267
413.054000	45.724950
413.182000	33.091287
413.309000	28.754653
413.436000	17.863564
413.564000	26.150693
413.691000	27.942772
413.818000	41.328911
413.945000	15.814059
414.073000	24.378416
414.200000	29.754653
414.327000	32.130891
414.454000	35.814059
414.582000	31.378416
414.709000	16.526931
414.836000	23.556634
414.963000	26.378416
415.091000	34.071485
415.218000	26.220000
415.345000	29.477426
415.472000	28.764554
415.600000	21.932871
415.727000	30.150693
415.854000	30.200198
415.981000	23.645743
416.108000	25.586337
416.236000	26.190297
416.363000	33.081386
416.490000	24.002178
416.617000	29.269505
416.744000	37.210099
416.871000	36.259604
416.998000	25.823960
417.126000	28.794257
417.253000	21.715050
417.380000	27.556634
417.507000	28.853663
417.634000	34.992277
417.761000	37.229901
417.888000	37.091287
418.015000	31.328911
418.143000	35.962574
418.270000	48.655644
418.397000	29.754653
418.524000	33.012079
418.651000	27.497228
418.778000	40.972475
418.905000	55.556634
419.032000	42.774455
419.159000	36.903168
419.286000	58.566535
419.413000	50.922970
419.540000	52.002178
419.667000	33.041782
419.794000	31.616040
419.921000	46.111089
420.048000	48.130891
420.175000	51.239802
420.302000	43.962574
420.429000	54.655644
420.556000	50.982376
420.683000	45.596238
420.810000	54.685347
420.937000	66.893267
421.064000	70.210099
421.191000	58.170495
421.318000	70.220000
421.445000	78.606139
421.572000	55.348713
421.699000	55.586337
421.826000	44.517030
421.953000	36.477426
422.080000	30.348713
422.207000	13.348713
422.334000	10.477426
422.461000	32.467525
422.588000	17.338812
422.714000	28.517030
422.841000	35.398218
422.968000	32.220000
423.095000	20.645743
423.222000	13.685347
423.349000	25.388317
423.476000	27.259604
423.603000	14.269505
423.729000	10.229901
423.856000	17.883366
423.983000	31.051683
424.110000	13.398218
424.237000	23.328911
424.364000	25.992277
424.491000	23.170495
424.617000	4.685347
424.744000	13.021980
424.871000	23.705149
424.998000	14.517030
425.125000	14.220000
425.251000	21.655644
425.378000	13.675446
425.505000	21.002178
425.632000	21.655644
425.758000	12.764554
425.885000	25.695248
426.012000	29.893267
426.139000	36.269505
426.266000	22.071485
426.392000	26.081386
426.519000	29.239802
426.646000	16.992277
426.772000	29.873465
426.899000	19.853663
427.026000	24.319010
427.153000	22.467525
427.279000	34.210099
427.406000	25.408119
427.533000	17.111089
427.659000	18.833861
427.786000	18.477426
427.913000	35.467525
428.039000	20.893267
428.166000	19.734851
428.293000	21.120990
428.419000	32.150693
428.546000	23.823960
428.673000	13.833861
428.799000	13.804158
428.926000	20.269505
429.053000	40.457624
429.179000	32.398218
429.306000	29.883366
429.433000	38.566535
429.559000	35.744752
429.686000	14.200198
429.812000	19.190297
429.939000	19.269505
430.066000	25.794257
430.192000	20.655644
430.319000	30.705149
430.445000	25.576436
430.572000	26.774455
430.699000	15.378416
430.825000	19.586337
430.952000	29.655644
431.078000	29.388317
431.205000	36.853663
431.331000	29.814059
431.458000	34.348713
431.584000	35.972475
431.711000	20.724950
431.837000	28.665545
431.964000	26.408119
432.090000	27.546733
432.217000	10.051683
432.343000	21.625941
432.470000	38.734851
432.596000	28.061584
432.723000	19.922970
432.849000	21.418020
432.976000	35.111089
433.102000	34.616040
433.229000	31.140792
433.355000	58.269505
433.482000	82.200198
433.608000	104.249703
433.735000	103.517030
433.861000	111.348713
433.987000	158.368515
434.114000	192.021980
434.240000	172.616040
434.367000	214.081386
434.493000	218.814059
434.620000	282.031881
434.746000	384.913069
434.872000	625.952673
434.999000	832.368515
435.125000	1735.120990
435.252000	5526.358614
435.378000	13415.794257
435.504000	15209.229901
435.631000	15421.289307
435.757000	15683.101188
435.883000	15683.101188
436.010000	15683.101188
436.136000	15683.101188
436.262000	15683.101188
436.389000	3479.041782
436.515000	2224.378416
436.641000	812.071485
436.768000	634.437822
436.894000	395.418020
437.020000	393.338812
437.147000	297.606139
437.273000	295.002178
437.399000	215.952673
437.526000	243.012079
437.652000	176.814059
437.778000	201.120990
437.904000	145.526931
438.031000	163.160594
438.157000	137.952673
438.283000	152.378416
438.409000	114.269505
438.536000	121.774455
438.662000	123.071485
438.788000	127.180396
438.914000	109.408119
439.041000	118.695248
439.167000	115.249703
439.293000	102.378416
439.419000	91.705149
439.546000	98.804158
439.672000	79.418020
439.798000	90.447723
439.924000	82.388317
440.050000	93.190297
440.177000	78.952673
440.303000	74.249703
440.429000	61.348713
440.555000	73.497228
440.681000	61.002178
440.807000	77.239802
440.934000	57.804158
441.060000	64.507129
441.186000	54.536832
441.312000	58.734851
441.438000	61.685347
441.564000	69.427921
441.690000	65.309109
441.816000	63.220000
441.943000	49.170495
442.069000	58.467525
442.195000	54.229901
442.321000	60.289307
442.447000	39.388317
442.573000	44.903168
442.699000	38.041782
442.825000	40.338812
442.951000	50.031881
443.077000	57.556634
443.203000	55.734851
443.330000	44.546733
443.456000	30.992277
443.582000	47.952673
443.708000	37.635842
443.834000	56.536832
443.960000	47.645743
444.086000	45.922970
444.212000	55.526931
444.338000	57.596238
444.464000	52.259604
444.590000	56.269505
444.716000	41.685347
444.842000	43.962574
444.968000	30.358614
445.094000	39.368515
445.220000	30.724950
445.346000	28.734851
445.472000	35.972475
445.598000	37.774455
445.724000	32.259604
445.850000	39.140792
445.976000	38.101188
446.102000	44.160594
446.228000	45.705149
446.354000	41.150693
446.480000	30.893267
446.605000	37.150693
446.731000	38.744752
446.857000	31.378416
446.983000	35.398218
447.109000	32.705149
447.235000	33.021980
447.361000	27.606139
447.487000	38.319010
447.613000	40.328911
447.739000	28.457624
447.865000	26.655644
447.990000	31.972475
448.116000	34.328911
448.242000	33.794257
448.368000	31.724950
448.494000	25.269505
448.620000	37.497228
448.746000	30.794257
448.872000	32.299208
448.997000	18.804158
449.123000	27.061584
449.249000	40.180396
449.375000	43.091287
449.501000	21.269505
449.627000	21.526931
449.752000	45.220000
449.878000	22.051683
450.004000	20.190297
450.130000	31.319010
450.256000	22.804158
450.381000	28.487327
450.507000	28.071485
450.633000	27.427921
450.759000	38.041782
450.884000	24.556634
451.010000	33.536832
451.136000	24.487327
451.262000	31.764554
451.388000	33.071485
451.513000	21.408119
451.639000	31.635842
451.765000	32.477426
451.890000	36.328911
452.016000	28.427921
452.142000	26.724950
452.268000	30.645743
452.393000	30.269505
452.519000	17.517030
452.645000	28.289307
452.771000	24.210099
452.896000	18.873465
453.022000	17.071485
453.148000	38.665545
453.273000	28.398218
453.399000	26.843762
453.525000	14.517030
453.650000	20.239802
453.776000	34.111089
453.902000	36.259604
454.027000	37.675446
454.153000	35.566535
454.279000	35.586337
454.404000	24.279406
454.530000	39.625941
454.656000	49.586337
454.781000	24.398218
454.907000	23.962574
455.032000	22.625941
455.158000	39.507129
455.284000	39.863564
455.409000	29.358614
455.535000	29.853663
455.660000	33.378416
455.786000	34.328911
455.912000	29.427921
456.037000	15.229901
456.163000	31.021980
456.288000	32.724950
456.414000	14.091287
456.539000	14.220000
456.665000	34.814059
456.791000	24.883366
456.916000	22.903168
457.042000	28.328911
457.167000	14.705149
457.293000	27.695248
457.418000	24.487327
457.544000	21.754653
457.669000	22.833861
457.795000	24.021980
457.920000	26.002178
458.046000	27.071485
458.171000	31.606139
458.297000	21.091287
458.422000	18.309109
458.548000	15.883366
458.673000	28.299208
458.799000	24.299208
458.924000	14.071485
459.050000	23.665545
459.175000	20.922970
459.301000	22.843762
459.426000	35.695248
459.552000	24.457624
459.677000	20.447723
459.803000	40.427921
459.928000	31.002178
460.053000	24.823960
460.179000	27.754653
460.304000	34.764554
460.430000	15.427921
460.555000	20.348713
460.681000	21.021980
460.806000	24.061584
460.931000	27.804158
461.057000	31.467525
461.182000	23.259604
461.308000	33.784356
461.433000	32.715050
461.558000	17.398218
461.684000	35.526931
461.809000	33.744752
461.934000	24.170495
462.060000	31.655644
462.185000	14.150693
462.311000	21.586337
462.436000	31.497228
462.561000	26.715050
462.687000	22.249703
462.812000	24.814059
462.937000	18.239802
463.063000	15.536832
463.188000	15.229901
463.313000	31.586337
463.439000	23.695248
463.564000	21.457624
463.689000	27.061584
463.814000	29.922970
463.940000	22.972475
464.065000	31.863564
464.190000	35.546733
464.316000	14.873465
464.441000	15.180396
464.566000	16.140792
464.692000	22.675446
464.817000	24.566535
464.942000	20.596238
465.067000	23.576436
465.193000	7.655644
465.318000	18.190297
465.443000	22.616040
465.568000	22.665545
465.694000	24.041782
465.819000	39.477426
465.944000	31.388317
466.069000	30.447723
466.194000	32.517030
466.320000	33.972475
466.445000	27.526931
466.570000	24.507129
466.695000	25.804158
466.820000	35.180396
466.946000	38.041782
467.071000	30.804158
467.196000	27.012079
467.321000	38.259604
467.446000	30.348713
467.572000	34.051683
467.697000	25.398218
467.822000	39.388317
467.947000	44.190297
468.072000	26.685347
468.197000	25.269505
468.323000	21.576436
468.448000	30.992277
468.573000	24.071485
468.698000	27.526931
468.823000	35.170495
468.948000	38.051683
469.073000	34.853663
469.198000	43.071485
469.324000	48.724950
469.449000	31.883366
469.574000	47.477426
469.699000	48.764554
469.824000	42.734851
469.949000	31.635842
470.074000	34.962574
470.199000	55.071485
470.324000	40.051683
470.449000	41.596238
470.574000	27.348713
470.700000	29.853663
470.825000	41.665545
470.950000	51.210099
471.075000	30.863564
471.200000	42.160594
471.325000	50.150693
471.450000	38.398218
471.575000	25.398218
471.700000	34.675446
471.825000	22.299208
471.950000	25.368515
472.075000	23.348713
472.200000	27.992277
472.325000	29.120990
472.450000	25.031881
472.575000	26.625941
472.700000	28.259604
472.825000	40.190297
472.950000	39.724950
473.075000	37.150693
473.200000	31.229901
473.325000	40.724950
473.450000	39.823960
473.575000	36.625941
473.700000	46.754653
473.825000	28.586337
473.950000	29.526931
474.075000	33.249703
474.200000	17.012079
474.325000	14.705149
474.450000	33.388317
474.574000	25.556634
474.699000	30.150693
474.824000	29.536832
474.949000	13.229901
475.074000	15.170495
475.199000	30.130891
475.324000	28.259604
475.449000	18.249703
475.574000	24.289307
475.699000	24.012079
475.824000	15.536832
475.949000	20.180396
476.073000	14.437822
476.198000	18.150693
476.323000	22.794257
476.448000	20.774455
476.573000	15.952673
476.698000	29.972475
476.823000	25.071485
476.947000	26.229901
477.072000	21.477426
477.197000	22.507129
477.322000	16.823960
477.447000	13.259604
477.572000	23.160594
477.697000	17.675446
477.821000	16.913069
477.946000	27.299208
478.071000	29.031881
478.196000	30.319010
478.321000	23.289307
478.445000	18.724950
478.570000	14.012079
478.695000	16.140792
478.820000	25.853663
478.945000	26.477426
479.069000	12.596238
479.194000	16.606139
479.319000	25.546733
479.444000	26.655644
479.569000	15.635842
479.693000	23.913069
479.818000	23.536832
479.943000	29.012079
480.068000	21.695248
480.192000	27.319010
480.317000	23.051683
480.442000	20.081386
480.567000	15.784356
480.691000	18.774455
480.816000	15.269505
480.941000	9.833861
481.066000	21.665545
481.190000	29.992277
481.315000	24.665545
481.440000	14.190297
481.564000	5.606139
481.689000	23.586337
481.814000	22.556634
481.938000	19.715050
482.063000	7.150693
482.188000	15.447723
482.313000	27.012079
482.437000	12.220000
482.562000	18.922970
482.687000	23.289307
482.811000	19.814059
482.936000	17.586337
483.061000	21.794257
483.185000	18.269505
483.310000	25.289307
483.435000	21.833861
483.559000	19.883366
483.684000	22.665545
483.808000	40.685347
483.933000	25.111089
484.058000	19.477426
484.182000	22.101188
484.307000	19.774455
484.432000	24.160594
484.556000	18.556634
484.681000	18.724950
484.805000	23.596238
484.930000	23.160594
485.055000	26.982376
485.179000	45.992277
485.304000	28.952673
485.428000	24.467525
485.553000	16.210099
485.678000	22.398218
485.802000	18.823960
485.927000	36.724950
486.051000	31.734851
486.176000	21.427921
486.300000	13.160594
486.425000	20.408119
486.549000	25.863564
486.674000	30.685347
486.799000	21.279406
486.923000	13.873465
487.048000	14.675446
487.172000	15.200198
487.297000	18.992277
487.421000	25.616040
487.546000	21.031881
487.670000	27.418020
487.795000	12.319010
487.919000	19.992277
488.044000	28.576436
488.168000	28.200198
488.293000	20.675446
488.417000	13.794257
488.542000	24.972475
488.666000	29.051683
488.791000	28.091287
488.915000	21.744752
489.040000	26.160594
489.164000	27.952673
489.289000	32.972475
489.413000	13.903168
489.538000	25.457624
489.662000	32.358614
489.786000	16.160594
489.911000	23.210099
490.035000	18.952673
490.160000	14.695248
490.284000	14.655644
490.409000	5.655644
490.533000	20.259604
490.658000	42.101188
490.782000	28.210099
490.906000	48.229901
491.031000	112.012079
491.155000	140.477426
491.280000	147.091287
491.404000	162.328911
491.528000	253.328911
491.653000	156.051683
491.777000	70.497228
491.902000	25.388317
492.026000	31.586337
492.150000	30.041782
492.275000	41.526931
492.399000	28.566535
492.524000	16.705149
492.648000	33.418020
492.772000	27.546733
492.897000	32.002178
493.021000	17.744752
493.145000	31.724950
493.270000	28.358614
493.394000	18.715050
493.518000	14.843762
493.643000	10.586337
493.767000	30.774455
493.891000	11.517030
494.016000	19.120990
494.140000	17.814059
494.264000	22.606139
494.389000	28.903168
494.513000	15.823960
494.637000	11.526931
494.762000	26.744752
494.886000	29.467525
495.010000	24.051683
495.134000	23.269505
495.259000	30.180396
495.383000	19.309109
495.507000	19.695248
495.632000	35.764554
495.756000	45.982376
495.880000	29.893267
496.004000	23.724950
496.129000	13.932871
496.253000	25.616040
496.377000	21.625941
496.501000	34.071485
496.626000	12.477426
496.750000	21.566535
496.874000	23.784356
496.998000	15.259604
497.123000	32.903168
497.247000	18.992277
497.371000	16.101188
497.495000	20.021980
497.620000	20.289307
497.744000	15.556634
497.868000	15.071485
497.992000	19.952673
498.116000	16.328911
498.241000	24.081386
498.365000	14.724950
498.489000	15.328911
498.613000	35.794257
498.737000	19.338812
498.862000	19.309109
498.986000	12.427921
499.110000	19.873465
499.234000	18.348713
499.358000	13.477426
499.482000	18.249703
499.607000	24.635842
499.731000	25.536832
499.855000	32.596238
499.979000	22.170495
500.103000	25.526931
500.227000	27.546733
500.351000	23.744752
500.476000	19.338812
500.600000	19.794257
500.724000	23.497228
500.848000	21.140792
500.972000	28.487327
501.096000	22.536832
501.220000	34.507129
501.344000	17.338812
501.469000	15.883366
501.593000	20.071485
501.717000	25.952673
501.841000	21.279406
501.965000	21.457624
502.089000	17.843762
502.213000	27.338812
502.337000	21.338812
502.461000	17.982376
502.585000	20.447723
502.709000	24.328911
502.834000	15.616040
502.958000	18.982376
503.082000	22.249703
503.206000	23.814059
503.330000	33.804158
503.454000	27.843762
503.578000	30.675446
503.702000	29.814059
503.826000	24.289307
503.950000	34.418020
504.074000	20.051683
504.198000	17.180396
504.322000	11.051683
504.446000	14.695248
504.570000	23.081386
504.694000	22.863564
504.818000	19.507129
504.942000	34.081386
505.066000	23.299208
505.190000	21.853663
505.314000	25.467525
505.438000	25.705149
505.562000	19.616040
505.686000	30.299208
505.810000	19.071485
505.934000	27.744752
506.058000	21.378416
506.182000	26.705149
506.306000	26.586337
506.430000	16.546733
506.554000	19.843762
506.678000	16.437822
506.802000	19.328911
506.926000	27.457624
507.050000	28.427921
507.174000	34.427921
507.298000	31.120990
507.422000	23.754653
507.546000	27.021980
507.670000	34.408119
507.794000	9.853663
507.918000	20.427921
508.042000	23.289307
508.165000	15.398218
508.289000	15.754653
508.413000	22.309109
508.537000	17.328911
508.661000	28.794257
508.785000	24.051683
508.909000	29.606139
509.033000	28.734851
509.157000	28.556634
509.281000	27.932871
509.405000	29.101188
509.528000	47.457624
509.652000	42.784356
509.776000	28.309109
509.900000	41.507129
510.024000	31.655644
510.148000	35.734851
510.272000	36.002178
510.396000	38.705149
510.519000	26.358614
510.643000	44.477426
510.767000	37.091287
510.891000	40.328911
511.015000	35.477426
511.139000	41.685347
511.263000	53.210099
511.386000	39.586337
511.510000	38.903168
511.634000	39.021980
511.758000	40.190297
511.882000	32.526931
512.006000	47.021980
512.129000	56.992277
512.253000	87.863564
512.377000	78.170495
512.501000	87.883366
512.625000	86.744752
512.748000	87.259604
512.872000	73.200198
512.996000	53.576436
513.120000	56.774455
513.244000	50.071485
513.367000	67.081386
513.491000	69.932871
513.615000	73.596238
513.739000	72.021980
513.862000	79.041782
513.986000	84.437822
514.110000	98.408119
514.234000	90.388317
514.358000	109.031881
514.481000	114.853663
514.605000	107.368515
514.729000	114.962574
514.853000	118.319010
514.976000	99.348713
515.100000	99.328911
515.224000	109.249703
515.348000	88.338812
515.471000	79.200198
515.595000	101.715050
515.719000	129.893267
515.842000	220.031881
515.966000	277.665545
516.090000	302.932871
516.214000	301.645743
516.337000	332.942772
516.461000	227.447723
516.585000	89.388317
516.708000	45.012079
516.832000	31.526931
516.956000	24.913069
517.080000	21.566535
517.203000	8.596238
517.327000	19.398218
517.451000	30.289307
517.574000	35.952673
517.698000	13.457624
517.822000	16.437822
517.945000	26.398218
518.069000	25.427921
518.193000	42.764554
518.316000	25.190297
518.440000	24.457624
518.564000	11.972475
518.687000	10.358614
518.811000	18.427921
518.935000	41.913069
519.058000	16.586337
519.182000	19.833861
519.306000	22.487327
519.429000	13.893267
519.553000	46.932871
519.676000	27.150693
519.800000	19.566535
519.924000	13.764554
520.047000	22.467525
520.171000	15.873465
520.294000	17.180396
520.418000	24.071485
520.542000	16.744752
520.665000	30.853663
520.789000	19.843762
520.913000	7.457624
521.036000	3.279406
521.160000	10.071485
521.283000	15.596238
521.407000	14.427921
521.530000	9.299208
521.654000	1.427921
521.778000	28.061584
521.901000	19.992277
522.025000	17.348713
522.148000	9.734851
522.272000	20.299208
522.395000	16.398218
522.519000	24.625941
522.643000	13.041782
522.766000	14.378416
522.890000	16.140792
523.013000	27.408119
523.137000	5.566535
523.260000	10.477426
523.384000	21.319010
523.507000	19.576436
523.631000	17.358614
523.754000	11.061584
523.878000	17.012079
524.002000	19.754653
524.125000	15.200198
524.249000	5.586337
524.372000	19.635842
524.496000	18.665545
524.619000	22.655644
524.743000	17.051683
524.866000	12.724950
524.990000	16.338812
525.113000	7.160594
525.237000	24.507129
525.360000	19.645743
525.484000	20.606139
525.607000	8.210099
525.731000	1.190297
525.854000	19.368515
525.978000	32.477426
526.101000	11.388317
526.224000	13.566535
526.348000	17.249703
526.471000	19.625941
526.595000	19.319010
526.718000	14.606139
526.842000	8.546733
526.965000	23.853663
527.089000	15.873465
527.212000	19.299208
527.336000	13.843762
527.459000	22.021980
527.582000	16.289307
527.706000	23.170495
527.829000	20.754653
527.953000	21.427921
528.076000	5.833861
528.200000	9.645743
528.323000	25.744752
528.446000	30.190297
528.570000	17.645743
528.693000	27.853663
528.817000	12.556634
528.940000	23.625941
529.064000	40.229901
529.187000	13.507129
529.310000	14.863564
529.434000	13.160594
529.557000	11.635842
529.680000	12.784356
529.804000	17.388317
529.927000	19.804158
530.051000	14.556634
530.174000	10.031881
530.297000	16.843762
530.421000	25.507129
530.544000	27.873465
530.668000	21.437822
530.791000	10.002178
530.914000	28.259604
531.038000	18.606139
531.161000	14.418020
531.284000	19.180396
531.408000	22.041782
531.531000	14.289307
531.654000	12.962574
531.778000	18.784356
531.901000	7.002178
532.024000	22.021980
532.148000	11.853663
532.271000	18.903168
532.394000	14.794257
532.518000	22.556634
532.641000	20.041782
532.764000	25.893267
532.888000	18.932871
533.011000	3.942772
533.134000	7.467525
533.258000	29.942772
533.381000	12.002178
533.504000	14.992277
533.628000	16.071485
533.751000	23.863564
533.874000	18.031881
533.997000	18.833861
534.121000	10.002178
534.244000	15.507129
534.367000	12.378416
534.491000	17.526931
534.614000	16.546733
534.737000	22.883366
534.860000	24.150693
534.984000	13.843762
535.107000	13.408119
535.230000	19.467525
535.354000	15.071485
535.477000	7.457624
535.600000	15.616040
535.723000	20.655644
535.847000	19.774455
535.970000	8.120990
536.093000	18.497228
536.216000	10.378416
536.340000	21.913069
536.463000	10.021980
536.586000	25.120990
536.709000	23.754653
536.833000	23.744752
536.956000	16.427921
537.079000	14.279406
537.202000	27.655644
537.325000	13.140792
537.449000	8.843762
537.572000	24.507129
537.695000	14.081386
537.818000	13.814059
537.941000	14.695248
538.065000	16.378416
538.188000	13.200198
538.311000	28.734851
538.434000	25.071485
538.558000	21.546733
538.681000	27.705149
538.804000	24.348713
538.927000	27.220000
539.050000	23.477426
539.173000	17.596238
539.297000	12.922970
539.420000	18.942772
539.543000	21.299208
539.666000	34.180396
539.789000	28.289307
539.913000	23.606139
540.036000	22.625941
540.159000	27.111089
540.282000	15.477426
540.405000	12.328911
540.528000	17.734851
540.651000	29.546733
540.775000	19.942772
540.898000	30.051683
541.021000	24.091287
541.144000	33.655644
541.267000	31.625941
541.390000	26.546733
541.513000	36.289307
541.637000	27.368515
541.760000	27.299208
541.883000	30.299208
542.006000	40.992277
542.129000	48.418020
542.252000	31.962574
542.375000	40.774455
542.498000	38.368515
542.622000	45.675446
542.745000	45.883366
542.868000	43.972475
542.991000	54.427921
543.114000	55.784356
543.237000	60.071485
543.360000	64.616040
543.483000	55.556634
543.606000	67.338812
543.730000	81.883366
543.853000	74.794257
543.976000	83.715050
544.099000	111.309109
544.222000	124.170495
544.345000	134.249703
544.468000	171.051683
544.591000	219.418020
544.714000	269.497228
544.837000	349.843762
544.960000	448.091287
545.083000	657.111089
545.206000	1084.180396
545.329000	2442.635842
545.453000	10983.526931
545.576000	15260.942772
545.699000	15683.101188
545.822000	15683.101188
545.945000	15683.101188
546.068000	15683.101188
546.191000	15683.101188
546.314000	15683.101188
546.437000	15683.101188
546.560000	15683.101188
546.683000	15683.101188
546.806000	15683.101188
546.929000	15683.101188
547.052000	15683.101188
547.175000	15683.101188
547.298000	15683.101188
547.421000	15683.101188
547.544000	15683.101188
547.667000	3676.853663
547.790000	3050.071485
547.913000	1136.487327
548.036000	907.418020
548.159000	644.269505
548.282000	634.833861
548.405000	489.457624
548.528000	494.249703
548.651000	400.556634
548.774000	403.051683
548.897000	347.120990
549.020000	360.715050
549.143000	314.734851
549.266000	299.140792
549.389000	271.744752
549.512000	258.012079
549.635000	254.041782
549.758000	253.319010
549.881000	213.467525
550.004000	217.576436
550.127000	198.467525
550.250000	193.220000
550.373000	168.120990
550.496000	185.942772
550.619000	162.279406
550.742000	156.437822
550.865000	139.635842
550.988000	159.368515
551.111000	157.170495
551.234000	150.081386
551.356000	126.418020
551.479000	127.913069
551.602000	125.794257
551.725000	137.566535
551.848000	133.675446
551.971000	139.715050
552.094000	123.517030
552.217000	115.695248
552.340000	112.378416
552.463000	101.833861
552.586000	109.041782
552.709000	103.873465
552.832000	103.992277
552.955000	110.655644
553.077000	109.091287
553.200000	107.942772
553.323000	84.655644
553.446000	99.804158
553.569000	94.002178
553.692000	103.982376
553.815000	97.823960
553.938000	105.695248
554.061000	102.239802
554.184000	90.754653
554.306000	86.675446
554.429000	87.893267
554.552000	81.685347
554.675000	71.715050
554.798000	78.477426
554.921000	85.863564
555.044000	73.952673
555.167000	73.061584
555.290000	70.398218
555.412000	72.487327
555.535000	75.041782
555.658000	72.388317
555.781000	76.328911
555.904000	76.012079
556.027000	77.328911
556.150000	76.467525
556.272000	71.002178
556.395000	81.586337
556.518000	67.913069
556.641000	71.566535
556.764000	80.368515
556.887000	77.051683
557.010000	66.031881
557.132000	56.576436
557.255000	65.051683
557.378000	74.378416
557.501000	65.160594
557.624000	71.130891
557.747000	70.982376
557.869000	77.447723
557.992000	86.942772
558.115000	99.051683
558.238000	84.715050
558.361000	92.665545
558.483000	99.556634
558.606000	73.606139
558.729000	49.972475
558.852000	72.398218
558.975000	66.091287
559.098000	63.784356
559.220000	57.893267
559.343000	52.487327
559.466000	52.180396
559.589000	48.695248
559.712000	52.467525
559.834000	54.220000
559.957000	48.031881
560.080000	49.071485
560.203000	58.596238
560.325000	64.517030
560.448000	66.814059
560.571000	53.546733
560.694000	48.418020
560.817000	68.170495
560.939000	56.150693
561.062000	56.200198
561.185000	62.150693
561.308000	64.091287
561.430000	54.427921
561.553000	60.497228
561.676000	57.695248
561.799000	68.616040
561.921000	61.259604
562.044000	60.447723
562.167000	52.041782
562.290000	76.655644
562.413000	69.328911
562.535000	67.932871
562.658000	45.962574
562.781000	53.843762
562.903000	66.358614
563.026000	90.091287
563.149000	136.130891
563.272000	120.081386
563.394000	113.427921
563.517000	102.942772
563.640000	66.497228
563.763000	49.685347
563.885000	52.724950
564.008000	58.368515
564.131000	47.675446
564.254000	31.259604
564.376000	38.715050
564.499000	25.833861
564.622000	33.705149
564.744000	46.724950
564.867000	37.507129
564.990000	36.952673
565.113000	41.061584
565.235000	39.546733
565.358000	34.180396
565.481000	24.497228
565.603000	32.220000
565.726000	33.477426
565.849000	47.111089
565.971000	45.685347
566.094000	30.952673
566.217000	38.517030
566.340000	36.328911
566.462000	38.843762
566.585000	41.715050
566.708000	54.962574
566.830000	38.814059
566.953000	48.774455
567.076000	35.705149
567.198000	35.794257
567.321000	26.546733
567.444000	41.497228
567.566000	35.437822
567.689000	28.635842
567.812000	29.279406
567.934000	37.685347
568.057000	35.586337
568.180000	38.180396
568.302000	30.833861
568.425000	24.685347
568.548000	31.863564
568.670000	36.526931
568.793000	35.596238
568.916000	35.546733
569.038000	28.903168
569.161000	34.576436
569.283000	37.279406
569.406000	32.962574
569.529000	26.883366
569.651000	23.081386
569.774000	25.408119
569.897000	28.764554
570.019000	44.309109
570.142000	41.606139
570.265000	33.804158
570.387000	32.328911
570.510000	39.536832
570.632000	43.922970
570.755000	28.487327
570.878000	29.091287
571.000000	39.625941
571.123000	30.764554
571.246000	40.427921
571.368000	27.883366
571.491000	28.695248
571.613000	26.487327
571.736000	18.576436
571.859000	29.536832
571.981000	22.249703
572.104000	23.794257
572.226000	33.427921
572.349000	23.140792
572.472000	32.566535
572.594000	37.279406
572.717000	32.645743
572.839000	26.299208
572.962000	32.814059
573.085000	35.616040
573.207000	31.526931
573.330000	31.091287
573.452000	40.586337
573.575000	44.289307
573.697000	34.358614
573.820000	31.081386
573.943000	26.348713
574.065000	36.328911
574.188000	35.190297
574.310000	46.437822
574.433000	40.091287
574.555000	49.576436
574.678000	31.705149
574.801000	40.378416
574.923000	29.319010
575.046000	38.200198
575.168000	31.982376
575.291000	36.111089
575.413000	38.724950
575.536000	39.635842
575.659000	52.952673
575.781000	47.140792
575.904000	54.140792
576.026000	72.437822
576.149000	80.368515
576.271000	129.041782
576.394000	205.338812
576.516000	531.031881
576.639000	3652.031881
576.761000	10185.170495
576.884000	8826.616040
577.007000	8762.012079
577.129000	8012.873465
577.252000	3728.744752
577.374000	1307.992277
577.497000	520.259604
577.619000	281.913069
577.742000	173.794257
577.864000	156.002178
577.987000	131.220000
578.109000	132.576436
578.232000	128.160594
578.354000	154.130891
578.477000	191.774455
578.599000	387.804158
578.722000	1966.170495
578.844000	9121.873465
578.967000	9838.546733
579.089000	8782.774455
579.212000	9099.863564
579.334000	5271.091287
579.457000	1922.408119
579.579000	718.477426
579.702000	328.299208
579.824000	206.328911
579.947000	130.427921
580.069000	107.457624
580.192000	83.200198
580.314000	91.784356
580.437000	73.200198
580.559000	92.269505
580.682000	66.210099
580.804000	66.487327
580.927000	65.427921
581.049000	70.556634
581.172000	53.903168
581.294000	52.903168
581.417000	53.130891
581.539000	47.130891
581.662000	49.408119
581.784000	49.002178
581.907000	48.754653
582.029000	47.368515
582.152000	31.051683
582.274000	46.982376
582.396000	41.229901
582.519000	41.903168
582.641000	28.041782
582.764000	33.457624
582.886000	46.269505
583.009000	33.982376
583.131000	32.002178
583.254000	35.160594
583.376000	48.418020
583.499000	40.338812
583.621000	36.299208
583.743000	44.031881
583.866000	37.596238
583.988000	34.724950
584.111000	40.338812
584.233000	40.309109
584.356000	41.408119
584.478000	35.309109
584.601000	18.229901
584.723000	29.437822
584.845000	42.655644
584.968000	23.883366
585.090000	18.309109
585.213000	36.338812
585.335000	22.754653
585.458000	27.002178
585.580000	26.972475
585.702000	39.893267
585.825000	41.596238
585.947000	32.279406
586.070000	20.526931
586.192000	22.180396
586.315000	37.378416
586.437000	20.507129
586.559000	24.269505
586.682000	19.150693
586.804000	33.457624
586.927000	24.338812
587.049000	25.922970
587.171000	35.774455
587.294000	37.259604
587.416000	44.635842
587.539000	28.418020
587.661000	21.843762
587.783000	23.120990
587.906000	23.635842
588.028000	33.418020
588.151000	29.586337
588.273000	39.279406
588.395000	25.408119
588.518000	22.210099
588.640000	26.843762
588.763000	39.021980
588.885000	33.477426
589.007000	37.012079
589.130000	16.279406
589.252000	13.715050
589.375000	28.833861
589.497000	28.586337
589.619000	32.596238
589.742000	30.992277
589.864000	39.764554
589.986000	29.883366
590.109000	18.536832
590.231000	22.536832
590.354000	32.328911
590.476000	16.259604
590.598000	20.140792
590.721000	17.210099
590.843000	29.734851
590.965000	27.952673
591.088000	31.784356
591.210000	26.705149
591.332000	29.200198
591.455000	14.229901
591.577000	16.190297
591.700000	24.012079
591.822000	25.418020
591.944000	27.031881
592.067000	24.843762
592.189000	27.200198
592.311000	32.764554
592.434000	23.962574
592.556000	33.922970
592.678000	27.823960
592.801000	25.606139
592.923000	24.952673
593.045000	21.289307
593.168000	25.447723
593.290000	24.853663
593.412000	31.972475
593.535000	19.913069
593.657000	19.487327
593.779000	24.259604
593.902000	30.091287
594.024000	24.804158
594.146000	33.724950
594.269000	29.289307
594.391000	15.487327
594.513000	29.289307
594.636000	23.625941
594.758000	16.526931
594.880000	33.408119
595.003000	30.507129
595.125000	22.625941
595.247000	28.576436
595.370000	31.081386
595.492000	18.695248
595.614000	41.190297
595.737000	26.616040
595.859000	24.120990
595.981000	24.546733
596.104000	25.130891
596.226000	19.249703
596.348000	21.705149
596.471000	18.843762
596.593000	27.922970
596.715000	19.457624
596.838000	20.962574
596.960000	15.210099
597.082000	25.566535
597.204000	25.517030
597.327000	26.190297
597.449000	16.942772
597.571000	23.338812
597.694000	30.715050
597.816000	26.071485
597.938000	23.833861
598.061000	18.309109
598.183000	21.467525
598.305000	31.685347
598.427000	26.259604
598.550000	22.873465
598.672000	33.992277
598.794000	32.477426
598.917000	19.348713
599.039000	25.625941
599.161000	28.536832
599.283000	21.823960
599.406000	28.645743
599.528000	31.823960
599.650000	44.111089
599.773000	29.418020
599.895000	42.091287
600.017000	36.249703
600.139000	25.685347
600.262000	15.081386
600.384000	24.576436
600.506000	28.328911
600.628000	38.477426
600.751000	35.645743
600.873000	23.021980
600.995000	22.190297
601.118000	33.002178
601.240000	23.863564
601.362000	38.130891
601.484000	32.279406
601.607000	27.724950
601.729000	21.833861
601.851000	19.715050
601.973000	20.031881
602.096000	28.180396
602.218000	28.695248
602.340000	24.150693
602.462000	28.903168
602.585000	23.922970
602.707000	14.210099
602.829000	27.120990
602.951000	21.705149
603.074000	8.249703
603.196000	22.190297
603.318000	11.517030
603.440000	29.120990
603.563000	21.467525
603.685000	10.427921
603.807000	27.061584
603.929000	24.051683
604.052000	31.705149
604.174000	34.150693
604.296000	29.220000
604.418000	30.883366
604.541000	37.338812
604.663000	17.120990
604.785000	20.457624
604.907000	21.843762
605.030000	12.655644
605.152000	47.398218
605.274000	19.764554
605.396000	20.388317
605.519000	20.517030
605.641000	19.833861
605.763000	20.903168
605.885000	23.180396
606.008000	22.804158
606.130000	30.517030
606.252000	31.427921
606.374000	11.180396
606.496000	10.734851
606.619000	21.358614
606.741000	15.952673
606.863000	36.061584
606.985000	35.279406
607.108000	27.200198
607.230000	18.962574
607.352000	16.893267
607.474000	19.309109
607.596000	24.031881
607.719000	18.596238
607.841000	27.932871
607.963000	21.289307
608.085000	17.398218
608.207000	37.715050
608.330000	20.853663
608.452000	14.180396
608.574000	16.774455
608.696000	30.536832
608.819000	21.764554
608.941000	24.467525
609.063000	19.279406
609.185000	17.843762
609.307000	24.101188
609.430000	32.695248
609.552000	24.814059
609.674000	9.269505
609.796000	25.823960
609.918000	29.378416
610.041000	18.021980
610.163000	26.586337
610.285000	22.328911
610.407000	25.289307
610.529000	13.833861
610.652000	23.021980
610.774000	28.279406
610.896000	23.051683
611.018000	23.012079
611.140000	20.556634
611.263000	14.517030
611.385000	16.437822
611.507000	29.408119
611.629000	14.952673
611.751000	28.319010
611.873000	42.804158
611.996000	27.210099
612.118000	32.764554
612.240000	22.170495
612.362000	32.368515
612.484000	40.190297
612.607000	38.071485
612.729000	46.111089
612.851000	34.279406
612.973000	21.497228
613.095000	14.932871
613.218000	21.180396
613.340000	29.586337
613.462000	24.170495
613.584000	21.467525
613.706000	18.487327
613.828000	37.655644
613.951000	19.675446
614.073000	16.229901
614.195000	6.952673
614.317000	32.031881
614.439000	28.477426
614.561000	25.734851
614.684000	25.220000
614.806000	26.002178
614.928000	26.536832
615.050000	25.982376
615.172000	30.566535
615.294000	30.814059
615.417000	22.021980
615.539000	16.190297
615.661000	22.358614
615.783000	34.556634
615.905000	19.220000
616.027000	18.566535
616.150000	32.130891
616.272000	21.526931
616.394000	14.101188
616.516000	18.190297
616.638000	20.319010
616.760000	21.794257
616.883000	23.170495
617.005000	17.913069
617.127000	17.635842
617.249000	22.457624
617.371000	24.160594
617.493000	19.952673
617.615000	28.893267
617.738000	24.724950
617.860000	23.437822
617.982000	20.952673
618.104000	18.843762
618.226000	10.348713
618.348000	9.616040
618.471000	25.784356
618.593000	26.229901
618.715000	10.625941
618.837000	22.130891
618.959000	22.269505
619.081000	32.427921
619.203000	23.358614
619.326000	26.507129
619.448000	30.784356
619.570000	33.348713
619.692000	29.883366
619.814000	31.546733
619.936000	26.348713
620.058000	26.328911
620.181000	22.041782
620.303000	16.477426
620.425000	21.833861
620.547000	12.645743
620.669000	13.635842
620.791000	18.556634
620.913000	15.180396
621.036000	12.635842
621.158000	21.378416
621.280000	24.715050
621.402000	7.734851
621.524000	14.804158
621.646000	21.715050
621.768000	11.051683
621.891000	2.715050
622.013000	18.893267
622.135000	12.675446
622.257000	8.319010
622.379000	14.200198
622.501000	18.655644
622.623000	18.101188
622.745000	16.843762
622.868000	17.160594
622.990000	15.427921
623.112000	13.220000
623.234000	15.269505
623.356000	20.467525
623.478000	10.368515
623.600000	24.348713
623.722000	15.150693
623.845000	22.675446
623.967000	19.309109
624.089000	25.982376
624.211000	20.081386
624.333000	23.705149
624.455000	22.239802
624.577000	17.269505
624.699000	26.279406
624.822000	20.823960
624.944000	12.814059
625.066000	16.814059
625.188000	10.398218
625.310000	20.190297
625.432000	33.130891
625.554000	17.190297
625.676000	41.130891
625.799000	22.843762
625.921000	24.259604
626.043000	22.190297
626.165000	20.724950
626.287000	1.942772
626.409000	24.081386
626.531000	13.378416
626.653000	17.051683
626.775000	23.675446
626.898000	29.051683
627.020000	33.645743
627.142000	43.586337
627.264000	29.140792
627.386000	18.576436
627.508000	21.685347
627.630000	13.616040
627.752000	23.883366
627.874000	17.358614
627.997000	23.031881
628.119000	24.893267
628.241000	24.596238
628.363000	27.358614
628.485000	21.566535
628.607000	18.507129
628.729000	12.111089
628.851000	8.041782
628.973000	17.457624
629.096000	5.378416
629.218000	14.774455
629.340000	20.031881
629.462000	9.922970
629.584000	11.437822
629.706000	17.724950
629.828000	26.932871
629.950000	19.843762
630.072000	12.239802
630.195000	14.418020
630.317000	20.447723
630.439000	14.210099
630.561000	20.616040
630.683000	9.418020
630.805000	21.833861
630.927000	22.239802
631.049000	14.814059
631.171000	7.913069
631.293000	18.328911
631.416000	21.724950
631.538000	15.259604
631.660000	15.061584
631.782000	24.625941
631.904000	29.556634
632.026000	10.833861
632.148000	18.823960
632.270000	10.002178
632.392000	18.586337
632.514000	17.873465
632.637000	19.616040
632.759000	10.586337
632.881000	7.962574
633.003000	8.616040
633.125000	7.883366
633.247000	11.606139
633.369000	13.744752
633.491000	15.091287
633.613000	23.853663
633.735000	10.180396
633.858000	19.576436
633.980000	14.467525
634.102000	4.021980
634.224000	11.398218
634.346000	13.368515
634.468000	17.259604
634.590000	16.952673
634.712000	15.111089
634.834000	17.408119
634.956000	6.754653
635.078000	5.299208
635.201000	7.041782
635.323000	16.170495
635.445000	9.031881
635.567000	1.101188
635.689000	19.566535
635.811000	14.695248
635.933000	11.972475
636.055000	15.962574
636.177000	12.517030
636.299000	24.200198
636.421000	9.289307
636.544000	1.487327
636.666000	17.358614
636.788000	17.665545
636.910000	20.120990
637.032000	10.398218
637.154000	20.338812
637.276000	38.012079
637.398000	27.616040
637.520000	21.893267
637.642000	16.368515
637.764000	17.576436
637.887000	11.249703
638.009000	12.398218
638.131000	13.586337
638.253000	7.170495
638.375000	19.863564
638.497000	17.873465
638.619000	4.932871
638.741000	13.150693
638.863000	-0.393861
638.985000	5.754653
639.107000	10.259604
639.230000	10.031881
639.352000	24.596238
639.474000	12.229901
639.596000	12.843762
639.718000	11.309109
639.840000	16.952673
639.962000	15.140792
640.084000	25.774455
640.206000	24.111089
640.328000	7.695248
640.450000	16.418020
640.573000	12.497228
640.695000	12.715050
640.817000	15.269505
640.939000	22.507129
641.061000	10.418020
641.183000	12.002178
641.305000	10.289307
641.427000	10.150693
641.549000	12.814059
641.671000	18.635842
641.793000	9.764554
641.915000	24.625941
642.038000	13.487327
642.160000	12.566535
642.282000	10.972475
642.404000	9.427921
642.526000	17.002178
642.648000	12.774455
642.770000	11.903168
642.892000	10.932871
643.014000	24.695248
643.136000	18.754653
643.258000	14.477426
643.381000	29.655644
643.503000	30.437822
643.625000	11.635842
643.747000	2.160594
643.869000	7.239802
643.991000	17.220000
644.113000	15.061584
644.235000	11.903168
644.357000	13.913069
644.479000	23.586337
644.601000	10.903168
644.723000	11.002178
644.846000	17.517030
644.968000	12.210099
645.090000	11.566535
645.212000	7.685347
645.334000	21.120990
645.456000	19.952673
645.578000	22.338812
645.700000	16.744752
645.822000	20.566535
645.944000	18.675446
646.066000	14.408119
646.188000	8.556634
646.311000	25.764554
646.433000	9.823960
646.555000	31.447723
646.677000	21.081386
646.799000	15.309109
646.921000	15.408119
647.043000	27.279406
647.165000	4.526931
647.287000	12.467525
647.409000	11.061584
647.531000	25.873465
647.654000	-0.205743
647.776000	20.487327
647.898000	18.566535
648.020000	9.408119
648.142000	7.348713
648.264000	9.982376
648.386000	7.804158
648.508000	4.229901
648.630000	10.447723
648.752000	15.408119
648.874000	10.170495
648.997000	14.120990
649.119000	23.913069
649.241000	12.566535
649.363000	28.368515
649.485000	21.289307
649.607000	7.863564
649.729000	2.170495
649.851000	12.190297
649.973000	11.348713
650.095000	17.913069
650.217000	4.190297
650.340000	6.596238
650.462000	17.764554
650.584000	15.190297
650.706000	19.279406
650.828000	19.279406
650.950000	1.635842
651.072000	18.437822
651.194000	4.348713
651.316000	9.606139
651.438000	14.566535
651.560000	2.635842
651.683000	3.685347
651.805000	12.120990
651.927000	10.309109
652.049000	7.467525
652.171000	9.932871
652.293000	9.536832
652.415000	3.081386
652.537000	-0.502772
652.659000	1.596238
652.781000	14.913069
652.903000	18.962574
653.026000	27.368515
653.148000	14.041782
653.270000	13.784356
653.392000	15.814059
653.514000	6.576436
653.636000	7.724950
653.758000	8.289307
653.880000	2.982376
654.002000	4.269505
654.124000	6.665545
654.247000	6.576436
654.369000	19.190297
654.491000	9.655644
654.613000	11.279406
654.735000	5.744752
654.857000	19.388317
654.979000	10.546733
655.101000	15.596238
655.223000	34.744752
655.345000	17.398218
655.468000	18.437822
655.590000	9.625941
655.712000	14.289307
655.834000	10.913069
655.956000	21.061584
656.078000	12.041782
656.200000	12.952673
656.322000	7.724950
656.444000	-5.789901
656.566000	15.358614
656.689000	7.715050
656.811000	8.002178
656.933000	21.497228
657.055000	-1.027525
657.177000	9.536832
657.299000	6.061584
657.421000	9.507129
657.543000	15.091287
657.665000	6.180396
657.787000	9.130891
657.910000	6.814059
658.032000	5.546733
658.154000	4.715050
658.276000	12.061584
658.398000	-3.156238
658.520000	13.299208
658.642000	14.833861
658.764000	13.408119
658.886000	-6.770099
659.009000	11.418020
659.131000	20.982376
659.253000	15.111089
659.375000	15.309109
659.497000	9.685347
659.619000	19.041782
659.741000	8.922970
659.863000	7.091287
659.985000	-0.344356
660.108000	18.536832
660.230000	3.665545
660.352000	12.774455
660.474000	17.031881
660.596000	17.665545
660.718000	17.427921
660.840000	10.962574
660.962000	16.150693
661.084000	1.903168
661.207000	6.289307
661.329000	16.071485
661.451000	7.467525
661.573000	8.388317
661.695000	26.487327
661.817000	21.150693
661.939000	28.101188
662.061000	29.111089
662.184000	7.764554
662.306000	6.883366
662.428000	12.566535
662.550000	22.378416
662.672000	7.041782
662.794000	10.279406
662.916000	7.952673
663.038000	7.873465
663.161000	24.239802
663.283000	19.031881
663.405000	19.002178
663.527000	7.517030
663.649000	18.180396
663.771000	9.269505
663.893000	9.823960
664.015000	11.724950
664.138000	6.665545
664.260000	13.526931
664.382000	12.358614
664.504000	4.873465
664.626000	-3.928515
664.748000	4.982376
664.870000	1.734851
664.992000	19.932871
665.115000	17.705149
665.237000	11.358614
665.359000	4.239802
665.481000	11.309109
665.603000	13.863564
665.725000	5.041782
665.847000	-3.938416
665.970000	8.279406
666.092000	15.239802
666.214000	17.378416
666.336000	9.299208
666.458000	15.091287
666.580000	12.774455
666.702000	1.883366
666.825000	4.556634
666.947000	-2.562178
667.069000	11.764554
667.191000	8.992277
667.313000	17.695248
667.435000	1.536832
667.557000	-1.383960
667.680000	2.418020
667.802000	4.348713
667.924000	4.982376
668.046000	16.635842
668.168000	17.130891
668.290000	23.774455
668.412000	8.398218
668.535000	13.180396
668.657000	8.625941
668.779000	4.012079
668.901000	11.507129
669.023000	19.140792
669.145000	8.814059
669.267000	18.823960
669.390000	12.507129
669.512000	11.140792
669.634000	12.012079
669.756000	2.635842
669.878000	10.398218
670.000000	15.190297
670.123000	8.457624
670.245000	32.021980
670.367000	23.269505
670.489000	19.517030
670.611000	7.625941
670.733000	4.675446
670.856000	6.061584
670.978000	16.784356
671.100000	15.715050
671.222000	15.427921
671.344000	8.229901
671.466000	3.665545
671.589000	0.170495
671.711000	4.893267
671.833000	2.645743
671.955000	9.873465
672.077000	4.467525
672.199000	23.507129
672.322000	25.952673
672.444000	11.695248
672.566000	19.309109
672.688000	9.517030
672.810000	16.507129
672.932000	17.754653
673.055000	7.734851
673.177000	-1.235446
673.299000	12.249703
673.421000	0.655644
673.543000	8.893267
673.665000	24.150693
673.788000	21.774455
673.910000	4.586337
674.032000	-4.443366
674.154000	6.972475
674.276000	14.477426
674.399000	3.021980
674.521000	8.348713
674.643000	10.517030
674.765000	4.932871
674.887000	14.418020
675.009000	7.120990
675.132000	3.655644
675.254000	6.606139
675.376000	10.130891
675.498000	10.754653
675.620000	22.774455
675.743000	10.130891
675.865000	16.883366
675.987000	2.695248
676.109000	9.071485
676.231000	15.210099
676.354000	26.170495
676.476000	6.447723
676.598000	16.160594
676.720000	11.566535
676.842000	16.130891
676.965000	8.665545
677.087000	12.210099
677.209000	16.724950
677.331000	18.903168
677.453000	12.962574
677.576000	8.833861
677.698000	13.398218
677.820000	10.913069
677.942000	2.606139
678.064000	7.051683
678.187000	12.744752
678.309000	11.576436
678.431000	8.754653
678.553000	9.319010
678.675000	25.101188
678.798000	24.962574
678.920000	12.427921
679.042000	9.269505
679.164000	4.635842
679.286000	19.259604
679.409000	8.398218
679.531000	-3.334455
679.653000	4.705149
679.775000	4.754653
679.898000	4.625941
680.020000	4.309109
680.142000	3.427921
680.264000	14.180396
680.386000	-0.819604
680.509000	13.477426
680.631000	14.823960
680.753000	11.002178
680.875000	1.388317
680.998000	13.655644
681.120000	7.536832
681.242000	13.715050
681.364000	-0.601782
681.486000	8.843762
681.609000	1.160594
681.731000	-2.463168
681.853000	0.992277
681.975000	3.427921
682.098000	17.210099
682.220000	26.556634
682.342000	10.526931
682.464000	19.130891
682.587000	12.853663
682.709000	7.358614
682.831000	-0.799802
682.953000	3.111089
683.076000	5.299208
683.198000	14.853663
683.320000	12.447723
683.442000	11.338812
683.565000	17.328911
683.687000	5.635842
683.809000	7.814059
683.931000	-4.166139
684.054000	15.754653
684.176000	14.140792
684.298000	15.566535
684.420000	5.823960
684.543000	8.220000
684.665000	10.913069
684.787000	4.309109
684.909000	4.408119
685.032000	17.239802
685.154000	-3.185941
685.276000	11.328911
685.398000	5.130891
685.521000	-0.086931
685.643000	10.695248
685.765000	14.358614
685.887000	16.170495
686.010000	13.645743
686.132000	10.378416
686.254000	15.239802
686.377000	14.279406
686.499000	12.982376
686.621000	18.635842
686.743000	15.853663
686.866000	10.239802
686.988000	29.150693
687.110000	22.526931
687.232000	10.616040
687.355000	-1.710693
687.477000	9.200198
687.599000	15.309109
687.722000	7.962574
687.844000	9.922970
687.966000	11.309109
688.088000	12.814059
688.211000	30.497228
688.333000	18.645743
688.455000	13.279406
688.578000	20.625941
688.700000	19.804158
688.822000	13.883366
688.944000	0.051683
689.067000	40.170495
689.189000	11.071485
689.311000	-2.275050
689.434000	5.140792
689.556000	12.942772
689.678000	17.368515
689.801000	3.507129
689.923000	15.724950
690.045000	25.041782
690.167000	27.348713
690.290000	21.833861
690.412000	11.319010
690.534000	16.635842
690.657000	7.200198
690.779000	7.130891
690.901000	17.200198
691.024000	11.130891
691.146000	8.873465
691.268000	3.467525
691.391000	19.447723
691.513000	19.457624
691.635000	21.596238
691.758000	23.368515
691.880000	21.942772
692.002000	5.229901
692.125000	8.338812
692.247000	7.140792
692.369000	7.002178
692.492000	0.922970
692.614000	8.635842
692.736000	5.220000
692.859000	5.754653
692.981000	6.081386
693.103000	7.705149
693.226000	12.408119
693.348000	28.814059
693.470000	16.536832
693.593000	30.229901
693.715000	33.239802
693.837000	31.853663
693.960000	15.616040
694.082000	8.804158
694.204000	16.101188
694.327000	12.279406
694.449000	-0.720594
694.571000	11.111089
694.694000	15.833861
694.816000	16.012079
694.938000	5.338812
695.061000	10.507129
695.183000	12.616040
695.305000	12.160594
695.428000	15.220000
695.550000	3.517030
695.672000	3.942772
695.795000	20.220000
695.917000	24.021980
696.040000	7.665545
696.162000	5.952673
696.284000	9.734851
696.407000	9.942772
696.529000	10.190297
696.651000	26.299208
696.774000	8.309109
696.896000	20.418020
697.019000	13.823960
697.141000	12.051683
697.263000	6.576436
697.386000	4.051683
697.508000	9.249703
697.630000	14.081386
697.753000	16.031881
697.875000	11.220000
697.998000	4.388317
698.120000	14.467525
698.242000	10.140792
698.365000	10.715050
698.487000	10.398218
698.610000	14.576436
698.732000	15.239802
698.854000	19.487327
698.977000	8.972475
699.099000	19.210099
699.221000	5.962574
699.344000	5.794257
699.466000	12.507129
699.589000	11.903168
699.711000	2.853663
699.834000	8.695248
699.956000	13.705149
700.078000	13.418020
700.201000	5.635842
700.323000	21.774455
700.446000	11.437822
700.568000	5.655644
700.690000	15.467525
700.813000	15.279406
700.935000	7.665545
701.058000	9.140792
701.180000	10.031881
701.302000	7.427921
701.425000	5.160594
701.547000	13.764554
701.670000	7.408119
701.792000	11.239802
701.915000	2.517030
702.037000	2.269505
702.159000	10.625941
702.282000	13.220000
702.404000	7.625941
702.527000	16.031881
702.649000	27.309109
702.772000	17.229901
702.894000	12.724950
703.017000	16.616040
703.139000	17.833861
703.261000	22.754653
703.384000	17.814059
703.506000	-2.255248
703.629000	5.833861
703.751000	14.309109
703.874000	8.903168
703.996000	1.130891
704.119000	-0.918614
704.241000	13.526931
704.364000	-2.116634
704.486000	13.229901
704.608000	15.962574
704.731000	9.616040
704.853000	14.190297
704.976000	2.645743
705.098000	15.378416
705.221000	7.823960
705.343000	10.685347
705.466000	16.922970
705.588000	20.051683
705.711000	13.586337
705.833000	17.675446
705.956000	9.596238
706.078000	16.823960
706.201000	10.893267
706.323000	10.457624
706.446000	4.814059
